-1.54509 0.773742 1.67029 34.1863 2.2
-1.531 0.76261 1.6761 26.8917 2.21
-1.51589 0.748762 1.71175 19.546 2.22
-1.49994 0.730668 1.79541 21.2739 2.23
-1.48117 0.700079 1.98936 34.5019 2.24
-1.46082 0.658188 2.20834 62.2689 2.25
-1.44336 0.63654 2.19957 50.5931 2.26
-1.41798 0.557275 2.52142 111.261 2.27
-1.39635 0.499374 2.48316 130.925 2.28
-1.37109 0.413203 2.30116 142.55 2.29
-1.34762 0.324273 2.14956 146.412 2.3
-1.32917 0.272083 1.8958 125.333 2.31
-1.31019 0.221869 1.66133 95.2742 2.32
-1.29466 0.196346 1.58102 77.808 2.33
-1.27977 0.169528 1.46726 61.6335 2.34
-1.26585 0.155389 1.36977 49.5297 2.35
-1.25196 0.134251 1.29926 39.9953 2.36
-1.23933 0.126124 1.25048 35.3569 2.37
-1.2276 0.114428 1.20756 30.8031 2.38
-1.21515 0.10507 1.1679 25.8964 2.39
-1.20378 0.0993087 1.13164 23.4314 2.4
