-1.54705 0.786031 1.40539 4.41481 2.2
-1.53203 0.770399 1.49643 6.1022 2.21
-1.5161 0.752633 1.57607 7.81218 2.22
-1.50022 0.73576 1.64268 9.06988 2.23
-1.48267 0.711884 1.74981 12.4572 2.24
-1.46658 0.694791 1.78652 13.0123 2.25
-1.44854 0.667976 1.90211 16.7776 2.26
-1.42779 0.631345 1.9734 21.8103 2.27
-1.40774 0.59744 2.04285 25.1222 2.28
-1.38765 0.564669 2.01646 26.6629 2.29
-1.36477 0.51449 1.99682 30.8405 2.3
-1.35091 0.502944 1.93994 28.8399 2.31
-1.33079 0.465684 1.88749 29.7824 2.32
-1.30932 0.416568 1.7944 30.816 2.33
-1.29239 0.387304 1.69699 29.5921 2.34
-1.2769 0.363799 1.61672 27.8315 2.35
-1.26241 0.340206 1.5177 26.3477 2.36
-1.24647 0.309435 1.40778 24.0993 2.37
-1.23267 0.291293 1.33608 21.7697 2.38
-1.21933 0.270187 1.27358 20.5508 2.39
-1.2065 0.252445 1.20926 18.491 2.4
