-1.54579 0.782242 1.45874 6.28471 2.2
-1.53168 0.767873 1.52726 9.39377 2.21
-1.51621 0.753292 1.5687 8.18594 2.22
-1.50153 0.734721 1.6813 13.4701 2.23
-1.48167 0.705352 1.87365 18.3005 2.24
-1.46373 0.678477 1.93016 24.3153 2.25
-1.44544 0.6484 2.06 31.4878 2.26
-1.42394 0.60464 2.18188 42.8022 2.27
-1.40049 0.552579 2.24355 51.4647 2.28
-1.37968 0.508775 2.21696 56.0984 2.29
-1.35775 0.455045 2.11411 60.1589 2.3
-1.33595 0.393845 1.97158 62.558 2.31
-1.31947 0.365009 1.88415 59.079 2.32
-1.29929 0.311085 1.70401 53.0845 2.33
-1.28312 0.280527 1.57732 47.6821 2.34
-1.26656 0.246996 1.43084 39.4821 2.35
-1.25423 0.232064 1.36689 35.9601 2.36
-1.2406 0.209087 1.30705 32.1022 2.37
-1.22801 0.195146 1.24082 28.1947 2.38
-1.21605 0.182077 1.18766 25.0821 2.39
-1.20372 0.166896 1.1352 21.3079 2.4
