-1.54578 0.781144 1.4909 9.75821 2.2
-1.53174 0.7692 1.54673 8.49245 2.21
-1.51669 0.751527 1.63616 12.9961 2.22
-1.49956 0.728889 1.81668 19.2718 2.23
-1.48187 0.705224 1.8745 21.8927 2.24
-1.4621 0.668216 2.09566 38.5842 2.25
-1.44441 0.646002 2.06828 36.1504 2.26
-1.42005 0.579827 2.29863 68.6105 2.27
-1.39769 0.520269 2.36056 92.7095 2.28
-1.37682 0.470391 2.33423 94.2034 2.29
-1.35202 0.389074 2.16301 101.814 2.3
-1.32877 0.314372 1.9062 91.6082 2.31
-1.31309 0.279378 1.77028 82.7163 2.32
-1.2956 0.244696 1.60321 67.4948 2.33
-1.28083 0.217904 1.49508 58.5239 2.34
-1.26586 0.190355 1.39693 47.5569 2.35
-1.2525 0.170084 1.30561 39.1088 2.36
-1.23959 0.156954 1.26087 34.5406 2.37
-1.22761 0.146522 1.20913 30.181 2.38
-1.21485 0.129964 1.15905 24.6367 2.39
-1.20407 0.127776 1.1258 23.367 2.4
