-792 798 157014 318003 798
-724 778 131225 302253 778
-740 778 137085 302253 778
-752 780 141564 303810 780
-752 782 141564 305371 782
-736 778 135608 302253 778
-728 782 132678 305371 782
-696 768 121278 294528 768
-692 768 119889 294528 768
-708 772 125493 297606 772
-696 768 121278 294528 768
-680 756 115770 285390 756
-672 752 113064 282376 752
-700 766 122675 292995 766
-700 764 122675 291466 764
-704 770 124080 296065 770
-676 766 114413 292995 766
-676 768 114413 294528 768
-696 764 121278 291466 764
-684 758 117135 286903 758
-728 780 132678 303810 780
-708 774 125493 299151 774
-700 768 122675 294528 768
-720 778 129780 302253 778
-696 770 121278 296065 770
-724 776 131225 300700 776
-756 786 143073 308505 786
-752 786 141564 308505 786
-740 784 137085 306936 784
-656 756 107748 285390 756
-680 766 115770 292995 766
-696 772 121278 297606 772
-676 760 114413 288420 760
-684 764 117135 291466 764
-716 776 128343 300700 776
-676 756 114413 285390 756
-684 754 117135 283881 754
-736 782 135608 305371 782
-768 792 147648 313236 792
-700 768 122675 294528 768
-744 782 138570 305371 782
-728 782 132678 305371 782
-676 766 114413 292995 766
-672 764 113064 291466 764
-732 774 134139 299151 774
-732 772 134139 297606 772
-716 766 128343 292995 766
-700 760 122675 288420 760
-668 748 111723 279378 748
-664 754 110390 283881 754
-680 750 115770 280875 750
-700 754 122675 283881 754
-712 764 126914 291466 764
-688 750 118508 280875 750
-712 766 126914 292995 766
-692 766 119889 292995 766
-700 760 122675 288420 760
-676 756 114413 285390 756
-660 750 109065 280875 750
-680 752 115770 282376 752
-660 746 109065 277885 746
-684 758 117135 286903 758
-704 766 124080 292995 766
-708 758 125493 286903 758
-692 754 119889 283881 754
-660 740 109065 273430 740
-648 754 105138 283881 754
-696 768 121278 294528 768
-712 772 126914 297606 772
-732 778 134139 302253 778
-732 780 134139 303810 780
-740 782 137085 305371 782
-704 774 124080 299151 774
-680 768 115770 294528 768
-672 764 113064 291466 764
-680 762 115770 289941 762
-700 768 122675 294528 768
-664 758 110390 286903 758
-688 762 118508 289941 762
-684 764 117135 291466 764
-664 760 110390 288420 760
-620 742 96255 274911 742
-656 750 107748 280875 750
-692 764 119889 291466 764
-704 762 124080 289941 762
-720 768 129780 294528 768
-692 760 119889 288420 760
-660 754 109065 283881 754
-732 782 134139 305371 782
-728 780 132678 303810 780
-716 776 128343 300700 776
-732 780 134139 303810 780
-736 782 135608 305371 782
-756 788 143073 310078 788
-720 778 129780 302253 778
-720 774 129780 299151 774
-688 758 118508 286903 758
-708 768 125493 294528 768
-704 770 124080 296065 770
-684 764 117135 291466 764
-732 776 134139 300700 776
-648 754 105138 283881 754
-708 772 125493 297606 772
-696 770 121278 296065 770
-732 778 134139 302253 778
-712 770 126914 296065 770
-696 758 121278 286903 758
-688 750 118508 280875 750
-640 746 102560 277885 746
-636 738 101283 271953 738
-644 746 103845 277885 746
-668 754 111723 283881 754
-696 766 121278 292995 766
-716 776 128343 300700 776
-700 768 122675 294528 768
-664 754 110390 283881 754
-652 754 106439 283881 754
-636 748 101283 279378 748
-692 770 119889 296065 770
-668 756 111723 285390 756
-668 750 111723 280875 750
-688 760 118508 288420 760
-696 766 121278 292995 766
-708 768 125493 294528 768
-688 764 118508 291466 764
-700 772 122675 297606 772
-732 782 134139 305371 782
-740 784 137085 306936 784
-724 780 131225 303810 780
-672 758 113064 286903 758
-648 750 105138 280875 750
-668 764 111723 291466 764
-660 754 109065 283881 754
-728 778 132678 302253 778
-740 784 137085 306936 784
-732 782 134139 305371 782
-696 770 121278 296065 770
-716 778 128343 302253 778
-704 772 124080 297606 772
-724 778 131225 302253 778
-736 782 135608 305371 782
-724 780 131225 303810 780
-712 772 126914 297606 772
-728 778 132678 302253 778
-720 768 129780 294528 768
-720 772 129780 297606 772
-708 772 125493 297606 772
-724 778 131225 302253 778
-736 780 135608 303810 780
-748 784 140063 306936 784
-732 782 134139 305371 782
-712 776 126914 300700 776
-728 780 132678 303810 780
-724 780 131225 303810 780
-732 782 134139 305371 782
-732 780 134139 303810 780
-740 780 137085 303810 780
-772 790 149189 311655 790
-740 784 137085 306936 784
-692 770 119889 296065 770
-720 772 129780 297606 772
-700 766 122675 292995 766
-716 772 128343 297606 772
-696 770 121278 296065 770
-692 764 119889 291466 764
-728 778 132678 302253 778
-752 784 141564 306936 784
-728 776 132678 300700 776
-708 770 125493 296065 770
-736 780 135608 303810 780
-724 778 131225 302253 778
-732 780 134139 303810 780
-704 774 124080 299151 774
-724 780 131225 303810 780
-668 760 111723 288420 760
-688 766 118508 292995 766
-700 766 122675 292995 766
-724 778 131225 302253 778
-692 768 119889 294528 768
-712 776 126914 300700 776
-680 764 115770 291466 764
-712 774 126914 299151 774
-720 778 129780 302253 778
-724 776 131225 300700 776
-712 774 126914 299151 774
-716 768 128343 294528 768
-720 776 129780 300700 776
-680 764 115770 291466 764
-712 770 126914 296065 770
-676 760 114413 288420 760
-696 770 121278 296065 770
-708 770 125493 296065 770
-692 762 119889 289941 762
-716 770 128343 296065 770
-704 774 124080 299151 774
-652 758 106439 286903 758
-720 774 129780 299151 774
-692 768 119889 294528 768
-720 778 129780 302253 778
-736 782 135608 305371 782
-732 778 134139 302253 778
-708 774 125493 299151 774
-724 780 131225 303810 780
-700 774 122675 299151 774
-704 772 124080 297606 772
-740 784 137085 306936 784
-728 780 132678 303810 780
-756 788 143073 310078 788
-740 784 137085 306936 784
-728 782 132678 305371 782
-668 762 111723 289941 762
-732 776 134139 300700 776
-736 776 135608 300700 776
-748 784 140063 306936 784
-732 780 134139 303810 780
-660 760 109065 288420 760
-652 754 106439 283881 754
-716 776 128343 300700 776
-712 776 126914 300700 776
-652 754 106439 283881 754
-716 774 128343 299151 774
-708 766 125493 292995 766
-696 764 121278 291466 764
-680 766 115770 292995 766
-692 764 119889 291466 764
-688 762 118508 289941 762
-684 764 117135 291466 764
-684 766 117135 292995 766
-700 770 122675 296065 770
-716 774 128343 299151 774
-700 762 122675 289941 762
-696 754 121278 283881 754
-700 760 122675 288420 760
-648 744 105138 276396 744
-664 746 110390 277885 746
-652 746 106439 277885 746
-672 760 113064 288420 760
-708 772 125493 297606 772
-704 772 124080 297606 772
-704 768 124080 294528 768
-748 784 140063 306936 784
-696 764 121278 291466 764
-712 774 126914 299151 774
-692 770 119889 296065 770
-708 770 125493 296065 770
-708 766 125493 292995 766
-668 754 111723 283881 754
-656 750 107748 280875 750
-652 750 106439 280875 750
-652 748 106439 279378 748
-664 758 110390 286903 758
-640 744 102560 276396 744
-644 746 103845 277885 746
-676 762 114413 289941 762
-664 760 110390 288420 760
-676 764 114413 291466 764
-712 772 126914 297606 772
-696 766 121278 292995 766
-696 760 121278 288420 760
-716 774 128343 299151 774
-704 774 124080 299151 774
-688 766 118508 292995 766
-648 750 105138 280875 750
-720 778 129780 302253 778
-748 786 140063 308505 786
-732 780 134139 303810 780
-732 770 134139 296065 770
-728 772 132678 297606 772
-728 780 132678 303810 780
-736 780 135608 303810 780
-680 768 115770 294528 768
-740 782 137085 305371 782
-696 770 121278 296065 770
-692 762 119889 289941 762
-712 766 126914 292995 766
-692 766 119889 292995 766
-676 762 114413 289941 762
-684 764 117135 291466 764
-684 762 117135 289941 762
-672 746 113064 277885 746
-632 738 100014 271953 738
-612 720 93789 258840 720
-636 734 101283 269011 734
-672 740 113064 273430 740
-668 744 111723 276396 744
-676 746 114413 277885 746
-644 748 103845 279378 748
-696 766 121278 292995 766
-704 764 124080 291466 764
-708 766 125493 292995 766
-696 762 121278 289941 762
-672 748 113064 279378 748
-716 770 128343 296065 770
-712 770 126914 296065 770
-720 778 129780 302253 778
-716 774 128343 299151 774
-740 784 137085 306936 784
-740 778 137085 302253 778
-748 786 140063 308505 786
-732 782 134139 305371 782
-740 782 137085 305371 782
-716 776 128343 300700 776
-708 774 125493 299151 774
-768 792 147648 313236 792
-712 774 126914 299151 774
-720 774 129780 299151 774
-728 774 132678 299151 774
-740 778 137085 302253 778
-676 764 114413 291466 764
-692 768 119889 294528 768
-724 780 131225 303810 780
-752 784 141564 306936 784
-716 770 128343 296065 770
-684 760 117135 288420 760
-712 772 126914 297606 772
-700 756 122675 285390 756
-684 748 117135 279378 748
-676 748 114413 279378 748
-688 762 118508 289941 762
-712 772 126914 297606 772
-740 780 137085 303810 780
-752 786 141564 308505 786
-740 784 137085 306936 784
-760 790 144590 311655 790
-716 778 128343 302253 778
-704 774 124080 299151 774
-700 770 122675 296065 770
-712 774 126914 299151 774
-696 770 121278 296065 770
-704 766 124080 292995 766
-684 762 117135 289941 762
-700 770 122675 296065 770
-744 782 138570 305371 782
-744 784 138570 306936 784
-760 790 144590 311655 790
-700 766 122675 292995 766
-696 762 121278 289941 762
-676 758 114413 286903 758
-724 776 131225 300700 776
-696 772 121278 297606 772
-740 782 137085 305371 782
-744 782 138570 305371 782
-736 782 135608 305371 782
-712 768 126914 294528 768
-708 768 125493 294528 768
-736 778 135608 302253 778
-728 778 132678 302253 778
-728 778 132678 302253 778
-744 784 138570 306936 784
-712 772 126914 297606 772
-724 768 131225 294528 768
-724 774 131225 299151 774
-700 772 122675 297606 772
-712 774 126914 299151 774
-736 782 135608 305371 782
-724 776 131225 300700 776
-724 770 131225 296065 770
-676 754 114413 283881 754
-704 770 124080 296065 770
-664 748 110390 279378 748
-712 768 126914 294528 768
-712 772 126914 297606 772
-736 782 135608 305371 782
-772 792 149189 313236 792
-784 796 153860 316410 796
-732 780 134139 303810 780
-720 776 129780 300700 776
-716 774 128343 299151 774
-692 766 119889 292995 766
-700 768 122675 294528 768
-740 784 137085 306936 784
-712 774 126914 299151 774
-680 762 115770 289941 762
-684 768 117135 294528 768
-692 762 119889 289941 762
-716 766 128343 292995 766
-720 772 129780 297606 772
-692 766 119889 292995 766
-716 764 128343 291466 764
-668 756 111723 285390 756
-672 754 113064 283881 754
-684 762 117135 289941 762
-712 770 126914 296065 770
-740 782 137085 305371 782
-696 768 121278 294528 768
-668 766 111723 292995 766
-708 768 125493 294528 768
-708 774 125493 299151 774
-740 780 137085 303810 780
-720 774 129780 299151 774
-696 770 121278 296065 770
-704 772 124080 297606 772
-712 774 126914 299151 774
-712 776 126914 300700 776
-732 774 134139 299151 774
-704 768 124080 294528 768
-692 768 119889 294528 768
-708 772 125493 297606 772
-700 770 122675 296065 770
-720 776 129780 300700 776
-728 778 132678 302253 778
-708 770 125493 296065 770
-688 764 118508 291466 764
-680 766 115770 292995 766
-704 776 124080 300700 776
-688 768 118508 294528 768
-724 778 131225 302253 778
-736 780 135608 303810 780
-700 768 122675 294528 768
-744 786 138570 308505 786
-728 778 132678 302253 778
-748 786 140063 308505 786
-740 784 137085 306936 784
-724 778 131225 302253 778
-684 762 117135 289941 762
-648 752 105138 282376 752
-692 766 119889 292995 766
-696 768 121278 294528 768
-688 758 118508 286903 758
-720 772 129780 297606 772
-704 766 124080 292995 766
-748 784 140063 306936 784
-728 780 132678 303810 780
-756 788 143073 310078 788
-700 770 122675 296065 770
-692 768 119889 294528 768
-728 774 132678 299151 774
-708 770 125493 296065 770
-744 784 138570 306936 784
-748 786 140063 308505 786
-744 784 138570 306936 784
-736 782 135608 305371 782
-740 784 137085 306936 784
-732 782 134139 305371 782
-696 770 121278 296065 770
-724 776 131225 300700 776
-728 778 132678 302253 778
-732 778 134139 302253 778
-736 782 135608 305371 782
-696 774 121278 299151 774
-752 786 141564 308505 786
-736 784 135608 306936 784
-728 778 132678 302253 778
-732 778 134139 302253 778
-764 790 146115 311655 790
-740 782 137085 305371 782
-712 774 126914 299151 774
-736 778 135608 302253 778
-740 782 137085 305371 782
-728 782 132678 305371 782
-752 784 141564 306936 784
-748 786 140063 308505 786
-748 784 140063 306936 784
-720 776 129780 300700 776
-716 770 128343 296065 770
-744 784 138570 306936 784
-700 770 122675 296065 770
-676 758 114413 286903 758
-660 754 109065 283881 754
-672 750 113064 280875 750
-648 748 105138 279378 748
-676 756 114413 285390 756
-704 768 124080 294528 768
-684 766 117135 292995 766
-656 754 107748 283881 754
-668 762 111723 289941 762
-720 778 129780 302253 778
-728 778 132678 302253 778
-752 786 141564 308505 786
-740 782 137085 305371 782
-736 776 135608 300700 776
-692 758 119889 286903 758
-652 738 106439 271953 738
-688 754 118508 283881 754
-712 772 126914 297606 772
-732 776 134139 300700 776
-720 778 129780 302253 778
-728 780 132678 303810 780
-684 766 117135 292995 766
-740 778 137085 302253 778
-704 770 124080 296065 770
-684 768 117135 294528 768
-708 766 125493 292995 766
-708 774 125493 299151 774
-704 772 124080 297606 772
-692 770 119889 296065 770
-716 778 128343 302253 778
-732 782 134139 305371 782
-716 776 128343 300700 776
-736 782 135608 305371 782
-728 780 132678 303810 780
-704 774 124080 299151 774
-728 774 132678 299151 774
-704 762 124080 289941 762
-664 742 110390 274911 742
-664 754 110390 283881 754
-648 752 105138 282376 752
-656 746 107748 277885 746
-688 756 118508 285390 756
-664 754 110390 283881 754
-704 760 124080 288420 760
-688 760 118508 288420 760
-744 786 138570 308505 786
-740 784 137085 306936 784
-716 774 128343 299151 774
-688 764 118508 291466 764
-692 764 119889 291466 764
-688 754 118508 283881 754
-664 738 110390 271953 738
-648 742 105138 274911 742
-656 746 107748 277885 746
-676 760 114413 288420 760
-656 754 107748 283881 754
-652 748 106439 279378 748
-632 746 100014 277885 746
-664 756 110390 285390 756
-676 762 114413 289941 762
-692 760 119889 288420 760
-676 746 114413 277885 746
-672 740 113064 273430 740
-696 752 121278 282376 752
-704 744 124080 276396 744
-700 744 122675 276396 744
-656 744 107748 276396 744
-672 734 113064 269011 734
-644 720 103845 258840 720
-620 712 96255 253116 712
-648 732 105138 267546 732
-700 756 122675 285390 756
-712 766 126914 292995 766
-708 772 125493 297606 772
-668 760 111723 288420 760
-680 766 115770 292995 766
-724 780 131225 303810 780
-736 782 135608 305371 782
-700 762 122675 289941 762
-704 760 124080 288420 760
-680 750 115770 280875 750
-676 758 114413 286903 758
-688 756 118508 285390 756
-688 764 118508 291466 764
-656 756 107748 285390 756
-708 774 125493 299151 774
-736 784 135608 306936 784
-748 786 140063 308505 786
-728 778 132678 302253 778
-724 780 131225 303810 780
-736 784 135608 306936 784
-756 786 143073 308505 786
-748 784 140063 306936 784
-760 788 144590 310078 788
-724 774 131225 299151 774
-736 782 135608 305371 782
-752 786 141564 308505 786
-748 786 140063 308505 786
-724 778 131225 302253 778
-708 772 125493 297606 772
-628 752 98753 282376 752
-640 746 102560 277885 746
-664 758 110390 286903 758
-684 764 117135 291466 764
-696 766 121278 292995 766
-696 768 121278 294528 768
-744 782 138570 305371 782
-736 784 135608 306936 784
-732 782 134139 305371 782
-700 768 122675 294528 768
-712 770 126914 296065 770
-692 766 119889 292995 766
-720 772 129780 297606 772
-696 758 121278 286903 758
-684 752 117135 282376 752
-676 762 114413 289941 762
-660 746 109065 277885 746
-680 752 115770 282376 752
-696 762 121278 289941 762
-704 770 124080 296065 770
-708 762 125493 289941 762
-704 768 124080 294528 768
-700 772 122675 297606 772
-696 756 121278 285390 756
-680 746 115770 277885 746
-664 742 110390 274911 742
-688 752 118508 282376 752
-680 744 115770 276396 744
-644 744 103845 276396 744
-672 744 113064 276396 744
-688 742 118508 274911 742
-676 752 114413 282376 752
-660 752 109065 282376 752
-676 746 114413 277885 746
-656 744 107748 276396 744
-644 740 103845 273430 740
-668 734 111723 269011 734
-624 724 97500 261726 724
-624 718 97500 257403 718
-620 726 96255 263175 726
-580 724 84245 261726 724
-632 738 100014 271953 738
-668 742 111723 274911 742
-664 738 110390 271953 738
-660 740 109065 273430 740
-712 758 126914 286903 758
-700 754 122675 283881 754
-664 750 110390 280875 750
-628 746 98753 277885 746
-716 776 128343 300700 776
-712 768 126914 294528 768
-716 772 128343 297606 772
-680 754 115770 283881 754
-676 754 114413 283881 754
-688 748 118508 279378 748
-632 738 100014 271953 738
-616 730 95018 266085 730
-668 758 111723 286903 758
-660 752 109065 282376 752
-652 750 106439 280875 750
-684 762 117135 289941 762
-688 756 118508 285390 756
-692 764 119889 291466 764
-732 776 134139 300700 776
-708 776 125493 300700 776
-700 768 122675 294528 768
-696 760 121278 288420 760
-708 770 125493 296065 770
-688 766 118508 292995 766
-688 770 118508 296065 770
-676 758 114413 286903 758
-696 764 121278 291466 764
-716 774 128343 299151 774
-704 774 124080 299151 774
-724 776 131225 300700 776
-776 794 150738 314821 794
-748 786 140063 308505 786
-684 758 117135 286903 758
-688 762 118508 289941 762
-684 764 117135 291466 764
-744 784 138570 306936 784
-740 784 137085 306936 784
-756 788 143073 310078 788
-724 778 131225 302253 778
-736 782 135608 305371 782
-724 776 131225 300700 776
-752 786 141564 308505 786
-744 780 138570 303810 780
-724 778 131225 302253 778
-680 760 115770 288420 760
-652 746 106439 277885 746
-676 762 114413 289941 762
-696 762 121278 289941 762
-704 774 124080 299151 774
-680 766 115770 292995 766
-672 752 113064 282376 752
-716 776 128343 300700 776
-676 754 114413 283881 754
-712 772 126914 297606 772
-680 764 115770 291466 764
-692 768 119889 294528 768
-684 768 117135 294528 768
-648 750 105138 280875 750
-656 746 107748 277885 746
-652 750 106439 280875 750
-684 754 117135 283881 754
-720 766 129780 292995 766
-712 764 126914 291466 764
-684 748 117135 279378 748
-696 752 121278 282376 752
-704 774 124080 299151 774
-732 780 134139 303810 780
-744 782 138570 305371 782
-716 776 128343 300700 776
-700 770 122675 296065 770
-700 772 122675 297606 772
-708 776 125493 300700 776
-696 766 121278 292995 766
-680 756 115770 285390 756
-696 766 121278 292995 766
-680 754 115770 283881 754
-660 746 109065 277885 746
-656 746 107748 277885 746
-720 776 129780 300700 776
-704 764 124080 291466 764
-736 778 135608 302253 778
-692 762 119889 289941 762
-696 768 121278 294528 768
-632 726 100014 263175 726
-644 730 103845 266085 730
-672 730 113064 266085 730
-688 744 118508 276396 744
-708 758 125493 286903 758
-664 750 110390 280875 750
-644 736 103845 270480 736
-696 752 121278 282376 752
-696 748 121278 279378 748
-668 748 111723 279378 748
-688 762 118508 289941 762
-688 764 118508 291466 764
-704 766 124080 292995 766
-680 762 115770 289941 762
-692 752 119889 282376 752
-660 746 109065 277885 746
-668 746 111723 277885 746
-672 752 113064 282376 752
-648 748 105138 279378 748
-728 780 132678 303810 780
-696 770 121278 296065 770
-672 760 113064 288420 760
-692 770 119889 296065 770
-680 758 115770 286903 758
-704 768 124080 294528 768
-700 766 122675 292995 766
-704 762 124080 289941 762
-708 754 125493 283881 754
-716 758 128343 286903 758
-712 760 126914 288420 760
-708 766 125493 292995 766
-696 768 121278 294528 768
-676 758 114413 286903 758
-724 778 131225 302253 778
-676 762 114413 289941 762
-680 762 115770 289941 762
-720 776 129780 300700 776
-704 766 124080 292995 766
-668 752 111723 282376 752
-696 760 121278 288420 760
-688 760 118508 288420 760
-692 766 119889 292995 766
-692 770 119889 296065 770
-724 780 131225 303810 780
-748 786 140063 308505 786
-756 788 143073 310078 788
-716 774 128343 299151 774
-712 776 126914 300700 776
-712 774 126914 299151 774
-720 778 129780 302253 778
-704 774 124080 299151 774
-716 774 128343 299151 774
-712 766 126914 292995 766
-704 762 124080 289941 762
-704 772 124080 297606 772
-712 776 126914 300700 776
-740 780 137085 303810 780
-712 752 126914 282376 752
-684 730 117135 266085 730
-672 734 113064 269011 734
-680 734 115770 269011 734
-640 736 102560 270480 736
-660 754 109065 283881 754
-700 768 122675 294528 768
-700 768 122675 294528 768
-692 764 119889 291466 764
-688 760 118508 288420 760
-692 768 119889 294528 768
-688 760 118508 288420 760
-664 746 110390 277885 746
-704 766 124080 292995 766
-664 752 110390 282376 752
-664 754 110390 283881 754
-664 754 110390 283881 754
-640 746 102560 277885 746
-624 736 97500 270480 736
-640 738 102560 271953 738
-644 744 103845 276396 744
-680 758 115770 286903 758
-680 762 115770 289941 762
-724 774 131225 299151 774
-692 764 119889 291466 764
-708 764 125493 291466 764
-708 764 125493 291466 764
-688 758 118508 286903 758
-716 770 128343 296065 770
-720 772 129780 297606 772
-684 766 117135 292995 766
-728 774 132678 299151 774
-724 776 131225 300700 776
-748 784 140063 306936 784
-756 788 143073 310078 788
-752 788 141564 310078 788
-712 774 126914 299151 774
-704 766 124080 292995 766
-724 776 131225 300700 776
-716 774 128343 299151 774
-672 758 113064 286903 758
-692 766 119889 292995 766
-684 764 117135 291466 764
-648 748 105138 279378 748
-664 752 110390 282376 752
-692 766 119889 292995 766
-700 768 122675 294528 768
-712 766 126914 292995 766
-708 766 125493 292995 766
-704 766 124080 292995 766
-696 760 121278 288420 760
-700 764 122675 291466 764
-712 772 126914 297606 772
-708 768 125493 294528 768
-704 770 124080 296065 770
-720 778 129780 302253 778
-712 774 126914 299151 774
-700 768 122675 294528 768
-732 772 134139 297606 772
-716 774 128343 299151 774
-748 784 140063 306936 784
-736 784 135608 306936 784
-716 774 128343 299151 774
-704 770 124080 296065 770
-720 774 129780 299151 774
-700 772 122675 297606 772
-732 780 134139 303810 780
-720 776 129780 300700 776
-740 784 137085 306936 784
-684 766 117135 292995 766
-688 764 118508 291466 764
-712 772 126914 297606 772
-692 762 119889 289941 762
-708 772 125493 297606 772
-732 772 134139 297606 772
-704 768 124080 294528 768
-716 772 128343 297606 772
-656 748 107748 279378 748
-692 768 119889 294528 768
-724 774 131225 299151 774
-680 768 115770 294528 768
-720 776 129780 300700 776
-740 784 137085 306936 784
-740 780 137085 303810 780
-712 772 126914 297606 772
-764 790 146115 311655 790
-728 780 132678 303810 780
-724 780 131225 303810 780
-736 778 135608 302253 778
-720 774 129780 299151 774
-724 772 131225 297606 772
-696 764 121278 291466 764
-668 752 111723 282376 752
-664 752 110390 282376 752
-704 772 124080 297606 772
-688 758 118508 286903 758
-660 750 109065 280875 750
-676 760 114413 288420 760
-684 762 117135 289941 762
-672 742 113064 274911 742
-660 744 109065 276396 744
-676 738 114413 271953 738
-708 764 125493 291466 764
-672 756 113064 285390 756
-692 766 119889 292995 766
-704 768 124080 294528 768
-700 760 122675 288420 760
-696 760 121278 288420 760
-632 740 100014 273430 740
-648 746 105138 277885 746
-692 766 119889 292995 766
-700 772 122675 297606 772
-740 780 137085 303810 780
-752 786 141564 308505 786
-724 778 131225 302253 778
-712 768 126914 294528 768
-676 748 114413 279378 748
-700 756 122675 285390 756
-696 762 121278 289941 762
-704 768 124080 294528 768
-640 750 102560 280875 750
-700 772 122675 297606 772
-700 770 122675 296065 770
-708 772 125493 297606 772
-708 770 125493 296065 770
-704 768 124080 294528 768
-704 774 124080 299151 774
-704 768 124080 294528 768
-712 774 126914 299151 774
-700 768 122675 294528 768
-720 774 129780 299151 774
-716 774 128343 299151 774
-756 784 143073 306936 784
-720 774 129780 299151 774
-692 756 119889 285390 756
-688 756 118508 285390 756
-680 756 115770 285390 756
-712 770 126914 296065 770
-696 766 121278 292995 766
-720 776 129780 300700 776
-688 768 118508 294528 768
-704 770 124080 296065 770
-700 770 122675 296065 770
-724 776 131225 300700 776
-728 780 132678 303810 780
-736 782 135608 305371 782
-744 784 138570 306936 784
-728 782 132678 305371 782
-720 778 129780 302253 778
-680 762 115770 289941 762
-708 756 125493 285390 756
-708 754 125493 283881 754
-704 748 124080 279378 748
-724 764 131225 291466 764
-708 764 125493 291466 764
-644 750 103845 280875 750
-676 762 114413 289941 762
-712 774 126914 299151 774
-740 782 137085 305371 782
-736 780 135608 303810 780
-740 778 137085 302253 778
-740 782 137085 305371 782
-756 784 143073 306936 784
-720 776 129780 300700 776
-700 768 122675 294528 768
-712 770 126914 296065 770
-728 774 132678 299151 774
-720 778 129780 302253 778
-744 784 138570 306936 784
-732 780 134139 303810 780
-740 784 137085 306936 784
-696 770 121278 296065 770
-700 768 122675 294528 768
-732 782 134139 305371 782
-748 784 140063 306936 784
-740 784 137085 306936 784
-680 766 115770 292995 766
-684 764 117135 291466 764
-700 772 122675 297606 772
-672 744 113064 276396 744
-664 756 110390 285390 756
-708 762 125493 289941 762
-684 750 117135 280875 750
-676 754 114413 283881 754
-700 756 122675 285390 756
-736 770 135608 296065 770
-720 768 129780 294528 768
-720 776 129780 300700 776
-708 768 125493 294528 768
-744 782 138570 305371 782
-740 782 137085 305371 782
-704 772 124080 297606 772
-720 772 129780 297606 772
-764 784 146115 306936 784
-740 778 137085 302253 778
-768 788 147648 310078 788
-744 780 138570 303810 780
-748 786 140063 308505 786
-704 774 124080 299151 774
-688 768 118508 294528 768
-688 770 118508 296065 770
-652 754 106439 283881 754
-704 766 124080 292995 766
-688 764 118508 291466 764
-636 746 101283 277885 746
-672 754 113064 283881 754
-676 756 114413 285390 756
-692 764 119889 291466 764
-692 766 119889 292995 766
-716 778 128343 302253 778
-684 768 117135 294528 768
-736 782 135608 305371 782
-740 784 137085 306936 784
-744 784 138570 306936 784
-760 790 144590 311655 790
-768 792 147648 313236 792
-740 784 137085 306936 784
-740 782 137085 305371 782
-720 778 129780 302253 778
-708 772 125493 297606 772
-716 774 128343 299151 774
-720 776 129780 300700 776
-704 768 124080 294528 768
-716 774 128343 299151 774
-732 782 134139 305371 782
-716 776 128343 300700 776
-736 782 135608 305371 782
-740 782 137085 305371 782
-776 794 150738 314821 794
-724 776 131225 300700 776
-660 758 109065 286903 758
-656 754 107748 283881 754
-636 750 101283 280875 750
-660 756 109065 285390 756
-612 738 93789 271953 738
-684 756 117135 285390 756
-672 742 113064 274911 742
-624 724 97500 261726 724
-648 720 105138 258840 720
-640 718 102560 257403 718
-608 700 92568 244650 700
-600 684 90150 233586 684
-664 714 110390 254541 714
-672 736 113064 270480 736
-620 718 96255 257403 718
-660 744 109065 276396 744
-660 744 109065 276396 744
-700 764 122675 291466 764
-720 778 129780 302253 778
-708 776 125493 300700 776
-704 772 124080 297606 772
-692 770 119889 296065 770
-740 784 137085 306936 784
-728 780 132678 303810 780
-680 768 115770 294528 768
-676 762 114413 289941 762
-720 778 129780 302253 778
-740 784 137085 306936 784
