-272 32 74256 992 32
-452 58 204756 3306 58
-516 54 266772 2862 54
-576 72 332352 5112 72
-596 82 355812 6642 82
-604 88 365420 7656 88
-620 100 385020 9900 100
-616 120 380072 14280 120
-624 112 390000 12432 112
-632 122 400056 14762 122
-636 116 405132 13340 116
-632 118 400056 13806 118
-644 118 415380 13806 118
-648 124 420552 15252 124
-656 144 430992 20592 144
-664 166 441560 27390 166
-664 158 441560 24806 158
-668 144 446892 20592 144
-680 152 463080 22952 152
-676 132 457652 17292 132
-680 126 463080 15750 126
-684 146 468540 21170 146
-688 142 474032 20022 142
-676 162 457652 26082 162
-692 176 479556 30800 176
-692 178 479556 31506 178
-688 186 474032 34410 186
-704 176 496320 30800 176
-700 180 490700 32220 180
-700 200 490700 39800 200
-700 204 490700 41412 204
-704 202 496320 40602 202
-700 212 490700 44732 212
-696 222 485112 49062 222
-692 220 479556 48180 220
-696 234 485112 54522 234
-712 232 507656 53592 232
-712 246 507656 60270 246
-728 262 530712 68382 262
-732 272 536556 73712 272
-732 278 536556 77006 278
-732 280 536556 78120 280
-732 298 536556 88506 298
-724 304 524900 92112 304
-736 318 542432 100806 318
-732 324 536556 104652 324
-728 334 530712 111222 334
-732 344 536556 117992 344
-752 350 566256 122150 350
-760 366 578360 133590 366
-764 368 584460 135056 368
-764 372 584460 138012 372
-776 384 602952 147072 384
-780 394 609180 154842 394
-792 398 628056 158006 398
-800 400 640800 159600 400
-800 400 640800 159600 400
-800 400 640800 159600 400
-800 400 640800 159600 400
-800 400 640800 159600 400
-800 400 640800 159600 400
-800 400 640800 159600 400
-800 400 640800 159600 400
-800 400 640800 159600 400
-800 400 640800 159600 400
-800 400 640800 159600 400
-800 400 640800 159600 400
-800 400 640800 159600 400
-800 400 640800 159600 400
-784 396 615440 156420 396
-784 396 615440 156420 396
-792 398 628056 158006 398
-792 398 628056 158006 398
-800 400 640800 159600 400
-792 398 628056 158006 398
-800 400 640800 159600 400
-800 400 640800 159600 400
-800 400 640800 159600 400
-800 400 640800 159600 400
-792 398 628056 158006 398
-792 398 628056 158006 398
-800 400 640800 159600 400
-800 400 640800 159600 400
-800 400 640800 159600 400
-800 400 640800 159600 400
-800 400 640800 159600 400
-800 400 640800 159600 400
-800 400 640800 159600 400
-800 400 640800 159600 400
-800 400 640800 159600 400
-800 400 640800 159600 400
-800 400 640800 159600 400
-800 400 640800 159600 400
-800 400 640800 159600 400
-800 400 640800 159600 400
-800 400 640800 159600 400
-800 400 640800 159600 400
-800 400 640800 159600 400
-800 400 640800 159600 400
-800 400 640800 159600 400
-800 400 640800 159600 400
-800 400 640800 159600 400
-800 400 640800 159600 400
-800 400 640800 159600 400
-800 400 640800 159600 400
-800 400 640800 159600 400
-800 400 640800 159600 400
-800 400 640800 159600 400
-800 400 640800 159600 400
-800 400 640800 159600 400
-800 400 640800 159600 400
-800 400 640800 159600 400
-800 400 640800 159600 400
-800 400 640800 159600 400
-800 400 640800 159600 400
-800 400 640800 159600 400
-800 400 640800 159600 400
-800 400 640800 159600 400
-800 400 640800 159600 400
-800 400 640800 159600 400
-800 400 640800 159600 400
-800 400 640800 159600 400
-800 400 640800 159600 400
-800 400 640800 159600 400
-800 400 640800 159600 400
-800 400 640800 159600 400
-800 400 640800 159600 400
-800 400 640800 159600 400
-792 398 628056 158006 398
-792 398 628056 158006 398
-800 400 640800 159600 400
-800 400 640800 159600 400
-800 400 640800 159600 400
-800 400 640800 159600 400
-800 400 640800 159600 400
-800 400 640800 159600 400
-800 400 640800 159600 400
-800 400 640800 159600 400
-800 400 640800 159600 400
-800 400 640800 159600 400
-800 400 640800 159600 400
-800 400 640800 159600 400
-800 400 640800 159600 400
-800 400 640800 159600 400
-800 400 640800 159600 400
-800 400 640800 159600 400
-792 398 628056 158006 398
-792 398 628056 158006 398
-792 398 628056 158006 398
-800 400 640800 159600 400
-800 400 640800 159600 400
-800 400 640800 159600 400
-800 400 640800 159600 400
-800 400 640800 159600 400
-800 400 640800 159600 400
-800 400 640800 159600 400
-800 400 640800 159600 400
-800 400 640800 159600 400
-800 400 640800 159600 400
-800 400 640800 159600 400
-800 400 640800 159600 400
-800 400 640800 159600 400
-800 400 640800 159600 400
-800 400 640800 159600 400
-800 400 640800 159600 400
-800 400 640800 159600 400
-800 400 640800 159600 400
-792 398 628056 158006 398
-792 398 628056 158006 398
-784 396 615440 156420 396
-800 400 640800 159600 400
-800 400 640800 159600 400
-800 400 640800 159600 400
-800 400 640800 159600 400
-800 400 640800 159600 400
-800 400 640800 159600 400
-800 400 640800 159600 400
-800 400 640800 159600 400
-800 400 640800 159600 400
-800 400 640800 159600 400
-800 400 640800 159600 400
-800 400 640800 159600 400
-800 400 640800 159600 400
-800 400 640800 159600 400
-800 400 640800 159600 400
-800 400 640800 159600 400
-800 400 640800 159600 400
-800 400 640800 159600 400
-800 400 640800 159600 400
-800 400 640800 159600 400
-800 400 640800 159600 400
-800 400 640800 159600 400
-800 400 640800 159600 400
-800 400 640800 159600 400
-800 400 640800 159600 400
-800 400 640800 159600 400
-800 400 640800 159600 400
-800 400 640800 159600 400
-800 400 640800 159600 400
-800 400 640800 159600 400
-792 398 628056 158006 398
-800 400 640800 159600 400
-800 400 640800 159600 400
-800 400 640800 159600 400
-800 400 640800 159600 400
-800 400 640800 159600 400
-800 400 640800 159600 400
-792 398 628056 158006 398
-792 398 628056 158006 398
-792 398 628056 158006 398
-800 400 640800 159600 400
-800 400 640800 159600 400
-800 400 640800 159600 400
-800 400 640800 159600 400
-800 400 640800 159600 400
-800 400 640800 159600 400
-800 400 640800 159600 400
-800 400 640800 159600 400
-800 400 640800 159600 400
-800 400 640800 159600 400
-800 400 640800 159600 400
-800 400 640800 159600 400
-800 400 640800 159600 400
-800 400 640800 159600 400
-800 400 640800 159600 400
-792 398 628056 158006 398
-792 398 628056 158006 398
-792 398 628056 158006 398
-792 398 628056 158006 398
-800 400 640800 159600 400
-800 400 640800 159600 400
-800 400 640800 159600 400
-800 400 640800 159600 400
-800 400 640800 159600 400
-800 400 640800 159600 400
-800 400 640800 159600 400
-800 400 640800 159600 400
-800 400 640800 159600 400
-800 400 640800 159600 400
-800 400 640800 159600 400
-800 400 640800 159600 400
-800 400 640800 159600 400
-792 398 628056 158006 398
-800 400 640800 159600 400
-800 400 640800 159600 400
-800 400 640800 159600 400
-800 400 640800 159600 400
-800 400 640800 159600 400
-800 400 640800 159600 400
-800 400 640800 159600 400
-800 400 640800 159600 400
-800 400 640800 159600 400
-800 400 640800 159600 400
-800 400 640800 159600 400
-800 400 640800 159600 400
-792 398 628056 158006 398
-800 400 640800 159600 400
-800 400 640800 159600 400
-800 400 640800 159600 400
-800 400 640800 159600 400
-800 400 640800 159600 400
-800 400 640800 159600 400
-800 400 640800 159600 400
-800 400 640800 159600 400
-800 400 640800 159600 400
-800 400 640800 159600 400
-800 400 640800 159600 400
-800 400 640800 159600 400
-800 400 640800 159600 400
-800 400 640800 159600 400
-800 400 640800 159600 400
-800 400 640800 159600 400
-800 400 640800 159600 400
-800 400 640800 159600 400
-800 400 640800 159600 400
-800 400 640800 159600 400
-792 398 628056 158006 398
-792 398 628056 158006 398
-800 400 640800 159600 400
-800 400 640800 159600 400
-800 400 640800 159600 400
-800 400 640800 159600 400
-800 400 640800 159600 400
-800 400 640800 159600 400
-800 400 640800 159600 400
-800 400 640800 159600 400
-800 400 640800 159600 400
-800 400 640800 159600 400
-800 400 640800 159600 400
-800 400 640800 159600 400
-800 400 640800 159600 400
-800 400 640800 159600 400
-800 400 640800 159600 400
-800 400 640800 159600 400
-800 400 640800 159600 400
-800 400 640800 159600 400
-800 400 640800 159600 400
-800 400 640800 159600 400
-800 400 640800 159600 400
-800 400 640800 159600 400
-800 400 640800 159600 400
-800 400 640800 159600 400
-800 400 640800 159600 400
-800 400 640800 159600 400
-800 400 640800 159600 400
-800 400 640800 159600 400
-800 400 640800 159600 400
-800 400 640800 159600 400
-800 400 640800 159600 400
-800 400 640800 159600 400
-800 400 640800 159600 400
-800 400 640800 159600 400
-800 400 640800 159600 400
-800 400 640800 159600 400
-800 400 640800 159600 400
-800 400 640800 159600 400
-800 400 640800 159600 400
-800 400 640800 159600 400
-800 400 640800 159600 400
-800 400 640800 159600 400
-800 400 640800 159600 400
-800 400 640800 159600 400
-788 396 621732 156420 396
-792 398 628056 158006 398
-792 398 628056 158006 398
-800 400 640800 159600 400
-800 400 640800 159600 400
-800 400 640800 159600 400
-800 400 640800 159600 400
-800 400 640800 159600 400
-800 400 640800 159600 400
-800 400 640800 159600 400
-800 400 640800 159600 400
-800 400 640800 159600 400
-800 400 640800 159600 400
-800 400 640800 159600 400
-800 400 640800 159600 400
-800 400 640800 159600 400
-800 400 640800 159600 400
-792 398 628056 158006 398
-800 400 640800 159600 400
-800 400 640800 159600 400
-800 400 640800 159600 400
-800 400 640800 159600 400
-800 400 640800 159600 400
-800 400 640800 159600 400
-800 400 640800 159600 400
-792 398 628056 158006 398
-800 400 640800 159600 400
-800 400 640800 159600 400
-800 400 640800 159600 400
-800 400 640800 159600 400
-792 398 628056 158006 398
-800 400 640800 159600 400
-800 400 640800 159600 400
-800 400 640800 159600 400
-800 400 640800 159600 400
-800 400 640800 159600 400
-800 400 640800 159600 400
-800 400 640800 159600 400
-800 400 640800 159600 400
-800 400 640800 159600 400
-800 400 640800 159600 400
-800 400 640800 159600 400
-800 400 640800 159600 400
-800 400 640800 159600 400
-800 400 640800 159600 400
-800 400 640800 159600 400
-800 400 640800 159600 400
-800 400 640800 159600 400
-800 400 640800 159600 400
-800 400 640800 159600 400
-800 400 640800 159600 400
-800 400 640800 159600 400
-800 400 640800 159600 400
-800 400 640800 159600 400
-800 400 640800 159600 400
-800 400 640800 159600 400
-800 400 640800 159600 400
-800 400 640800 159600 400
-800 400 640800 159600 400
-792 398 628056 158006 398
-800 400 640800 159600 400
-800 400 640800 159600 400
-792 398 628056 158006 398
-792 398 628056 158006 398
-792 398 628056 158006 398
-792 398 628056 158006 398
-800 400 640800 159600 400
-800 400 640800 159600 400
-800 400 640800 159600 400
-792 398 628056 158006 398
-800 400 640800 159600 400
-800 400 640800 159600 400
-800 400 640800 159600 400
-800 400 640800 159600 400
-800 400 640800 159600 400
-800 400 640800 159600 400
-800 400 640800 159600 400
-800 400 640800 159600 400
-800 400 640800 159600 400
-784 396 615440 156420 396
-792 398 628056 158006 398
-800 400 640800 159600 400
-800 400 640800 159600 400
-800 400 640800 159600 400
-800 400 640800 159600 400
-800 400 640800 159600 400
-800 400 640800 159600 400
-800 400 640800 159600 400
-800 400 640800 159600 400
-800 400 640800 159600 400
-800 400 640800 159600 400
-800 400 640800 159600 400
-800 400 640800 159600 400
-800 400 640800 159600 400
-800 400 640800 159600 400
-800 400 640800 159600 400
-800 400 640800 159600 400
-800 400 640800 159600 400
-800 400 640800 159600 400
-800 400 640800 159600 400
-792 398 628056 158006 398
-800 400 640800 159600 400
-800 400 640800 159600 400
-800 400 640800 159600 400
-800 400 640800 159600 400
-800 400 640800 159600 400
-800 400 640800 159600 400
-800 400 640800 159600 400
-800 400 640800 159600 400
-800 400 640800 159600 400
-800 400 640800 159600 400
-800 400 640800 159600 400
-800 400 640800 159600 400
-800 400 640800 159600 400
-800 400 640800 159600 400
-800 400 640800 159600 400
-800 400 640800 159600 400
-792 398 628056 158006 398
-800 400 640800 159600 400
-800 400 640800 159600 400
-800 400 640800 159600 400
-800 400 640800 159600 400
-800 400 640800 159600 400
-800 400 640800 159600 400
-800 400 640800 159600 400
-800 400 640800 159600 400
-800 400 640800 159600 400
-800 400 640800 159600 400
-800 400 640800 159600 400
-800 400 640800 159600 400
-800 400 640800 159600 400
-792 398 628056 158006 398
-800 400 640800 159600 400
-800 400 640800 159600 400
-800 400 640800 159600 400
-800 400 640800 159600 400
-800 400 640800 159600 400
-800 400 640800 159600 400
-800 400 640800 159600 400
-800 400 640800 159600 400
-800 400 640800 159600 400
-800 400 640800 159600 400
-800 400 640800 159600 400
-800 400 640800 159600 400
-800 400 640800 159600 400
-800 400 640800 159600 400
-800 400 640800 159600 400
-800 400 640800 159600 400
-800 400 640800 159600 400
-800 400 640800 159600 400
-800 400 640800 159600 400
-800 400 640800 159600 400
-800 400 640800 159600 400
-800 400 640800 159600 400
-800 400 640800 159600 400
-800 400 640800 159600 400
-792 398 628056 158006 398
-792 398 628056 158006 398
-800 400 640800 159600 400
-800 400 640800 159600 400
-800 400 640800 159600 400
-800 400 640800 159600 400
-800 400 640800 159600 400
-800 400 640800 159600 400
-800 400 640800 159600 400
-800 400 640800 159600 400
-800 400 640800 159600 400
-800 400 640800 159600 400
-800 400 640800 159600 400
-800 400 640800 159600 400
-800 400 640800 159600 400
-800 400 640800 159600 400
-800 400 640800 159600 400
-800 400 640800 159600 400
-800 400 640800 159600 400
-800 400 640800 159600 400
-800 400 640800 159600 400
-800 400 640800 159600 400
-800 400 640800 159600 400
-800 400 640800 159600 400
-800 400 640800 159600 400
-800 400 640800 159600 400
-800 400 640800 159600 400
-800 400 640800 159600 400
-800 400 640800 159600 400
-800 400 640800 159600 400
-800 400 640800 159600 400
-800 400 640800 159600 400
-800 400 640800 159600 400
-800 400 640800 159600 400
-800 400 640800 159600 400
-800 400 640800 159600 400
-800 400 640800 159600 400
-800 400 640800 159600 400
-800 400 640800 159600 400
-800 400 640800 159600 400
-800 400 640800 159600 400
-800 400 640800 159600 400
-800 400 640800 159600 400
-800 400 640800 159600 400
-800 400 640800 159600 400
-800 400 640800 159600 400
-800 400 640800 159600 400
-800 400 640800 159600 400
-800 400 640800 159600 400
-800 400 640800 159600 400
-800 400 640800 159600 400
-800 400 640800 159600 400
-800 400 640800 159600 400
-792 398 628056 158006 398
-800 400 640800 159600 400
-800 400 640800 159600 400
-800 400 640800 159600 400
-800 400 640800 159600 400
-792 398 628056 158006 398
-800 400 640800 159600 400
-800 400 640800 159600 400
-800 400 640800 159600 400
-800 400 640800 159600 400
-800 400 640800 159600 400
-800 400 640800 159600 400
-800 400 640800 159600 400
-800 400 640800 159600 400
-800 400 640800 159600 400
-800 400 640800 159600 400
-800 400 640800 159600 400
-800 400 640800 159600 400
-800 400 640800 159600 400
-800 400 640800 159600 400
-800 400 640800 159600 400
-792 398 628056 158006 398
-800 400 640800 159600 400
-800 400 640800 159600 400
-800 400 640800 159600 400
-800 400 640800 159600 400
-800 400 640800 159600 400
-800 400 640800 159600 400
-800 400 640800 159600 400
-800 400 640800 159600 400
-800 400 640800 159600 400
-800 400 640800 159600 400
-800 400 640800 159600 400
-800 400 640800 159600 400
-800 400 640800 159600 400
-792 398 628056 158006 398
-792 398 628056 158006 398
-792 398 628056 158006 398
-800 400 640800 159600 400
-800 400 640800 159600 400
-800 400 640800 159600 400
-800 400 640800 159600 400
-800 400 640800 159600 400
-800 400 640800 159600 400
-800 400 640800 159600 400
-800 400 640800 159600 400
-800 400 640800 159600 400
-800 400 640800 159600 400
-800 400 640800 159600 400
-800 400 640800 159600 400
-800 400 640800 159600 400
-800 400 640800 159600 400
-800 400 640800 159600 400
-800 400 640800 159600 400
-800 400 640800 159600 400
-800 400 640800 159600 400
-792 398 628056 158006 398
-800 400 640800 159600 400
-800 400 640800 159600 400
-800 400 640800 159600 400
-800 400 640800 159600 400
-800 400 640800 159600 400
-800 400 640800 159600 400
-800 400 640800 159600 400
-800 400 640800 159600 400
-800 400 640800 159600 400
-800 400 640800 159600 400
-800 400 640800 159600 400
-800 400 640800 159600 400
-792 398 628056 158006 398
-792 398 628056 158006 398
-800 400 640800 159600 400
-800 400 640800 159600 400
-800 400 640800 159600 400
-800 400 640800 159600 400
-800 400 640800 159600 400
-800 400 640800 159600 400
-800 400 640800 159600 400
-800 400 640800 159600 400
-800 400 640800 159600 400
-800 400 640800 159600 400
-800 400 640800 159600 400
-800 400 640800 159600 400
-800 400 640800 159600 400
-800 400 640800 159600 400
-800 400 640800 159600 400
-800 400 640800 159600 400
-800 400 640800 159600 400
-800 400 640800 159600 400
-800 400 640800 159600 400
-800 400 640800 159600 400
-800 400 640800 159600 400
-800 400 640800 159600 400
-800 400 640800 159600 400
-800 400 640800 159600 400
-800 400 640800 159600 400
-800 400 640800 159600 400
-792 398 628056 158006 398
-784 396 615440 156420 396
-792 398 628056 158006 398
-800 400 640800 159600 400
-800 400 640800 159600 400
-800 400 640800 159600 400
-800 400 640800 159600 400
-800 400 640800 159600 400
-800 400 640800 159600 400
-792 398 628056 158006 398
-800 400 640800 159600 400
-800 400 640800 159600 400
-800 400 640800 159600 400
-792 398 628056 158006 398
-792 398 628056 158006 398
-800 400 640800 159600 400
-800 400 640800 159600 400
-800 400 640800 159600 400
-800 400 640800 159600 400
-800 400 640800 159600 400
-800 400 640800 159600 400
-800 400 640800 159600 400
-792 398 628056 158006 398
-792 398 628056 158006 398
-792 398 628056 158006 398
-792 398 628056 158006 398
-792 398 628056 158006 398
-788 396 621732 156420 396
-792 398 628056 158006 398
-800 400 640800 159600 400
-800 400 640800 159600 400
-792 398 628056 158006 398
-800 400 640800 159600 400
-800 400 640800 159600 400
-800 400 640800 159600 400
-800 400 640800 159600 400
-792 398 628056 158006 398
-784 396 615440 156420 396
-780 394 609180 154842 394
-776 392 602952 153272 392
-792 398 628056 158006 398
-800 400 640800 159600 400
-800 400 640800 159600 400
-800 400 640800 159600 400
-800 400 640800 159600 400
-800 400 640800 159600 400
-800 400 640800 159600 400
-800 400 640800 159600 400
-800 400 640800 159600 400
-800 400 640800 159600 400
-800 400 640800 159600 400
-800 400 640800 159600 400
-800 400 640800 159600 400
-800 400 640800 159600 400
-800 400 640800 159600 400
-792 398 628056 158006 398
-792 398 628056 158006 398
-792 398 628056 158006 398
-800 400 640800 159600 400
-800 400 640800 159600 400
-800 400 640800 159600 400
-800 400 640800 159600 400
-800 400 640800 159600 400
-800 400 640800 159600 400
-800 400 640800 159600 400
-800 400 640800 159600 400
-800 400 640800 159600 400
-800 400 640800 159600 400
-800 400 640800 159600 400
-800 400 640800 159600 400
-800 400 640800 159600 400
-800 400 640800 159600 400
-800 400 640800 159600 400
-800 400 640800 159600 400
-800 400 640800 159600 400
-800 400 640800 159600 400
-800 400 640800 159600 400
-800 400 640800 159600 400
-800 400 640800 159600 400
-800 400 640800 159600 400
-800 400 640800 159600 400
-800 400 640800 159600 400
-800 400 640800 159600 400
-800 400 640800 159600 400
-800 400 640800 159600 400
-800 400 640800 159600 400
-800 400 640800 159600 400
-792 398 628056 158006 398
-792 398 628056 158006 398
-792 398 628056 158006 398
-800 400 640800 159600 400
-800 400 640800 159600 400
-800 400 640800 159600 400
-800 400 640800 159600 400
-800 400 640800 159600 400
-800 400 640800 159600 400
-792 398 628056 158006 398
-800 400 640800 159600 400
-800 400 640800 159600 400
-800 400 640800 159600 400
-800 400 640800 159600 400
-792 398 628056 158006 398
-792 398 628056 158006 398
-792 398 628056 158006 398
-800 400 640800 159600 400
-800 400 640800 159600 400
-800 400 640800 159600 400
-800 400 640800 159600 400
-800 400 640800 159600 400
-800 400 640800 159600 400
-800 400 640800 159600 400
-800 400 640800 159600 400
-800 400 640800 159600 400
-800 400 640800 159600 400
-800 400 640800 159600 400
-800 400 640800 159600 400
-800 400 640800 159600 400
-800 400 640800 159600 400
-800 400 640800 159600 400
-800 400 640800 159600 400
-800 400 640800 159600 400
-800 400 640800 159600 400
-800 400 640800 159600 400
-800 400 640800 159600 400
-800 400 640800 159600 400
-800 400 640800 159600 400
-800 400 640800 159600 400
-800 400 640800 159600 400
-800 400 640800 159600 400
-800 400 640800 159600 400
-800 400 640800 159600 400
-800 400 640800 159600 400
-800 400 640800 159600 400
-800 400 640800 159600 400
-800 400 640800 159600 400
-800 400 640800 159600 400
-800 400 640800 159600 400
-800 400 640800 159600 400
-800 400 640800 159600 400
-800 400 640800 159600 400
-800 400 640800 159600 400
-792 398 628056 158006 398
-800 400 640800 159600 400
-792 398 628056 158006 398
-792 398 628056 158006 398
-800 400 640800 159600 400
-800 400 640800 159600 400
-792 398 628056 158006 398
-800 400 640800 159600 400
-800 400 640800 159600 400
-800 400 640800 159600 400
-792 398 628056 158006 398
-792 398 628056 158006 398
-800 400 640800 159600 400
-800 400 640800 159600 400
-800 400 640800 159600 400
-800 400 640800 159600 400
-800 400 640800 159600 400
-800 400 640800 159600 400
-800 400 640800 159600 400
-800 400 640800 159600 400
-800 400 640800 159600 400
-800 400 640800 159600 400
-800 400 640800 159600 400
-800 400 640800 159600 400
-800 400 640800 159600 400
-800 400 640800 159600 400
-800 400 640800 159600 400
-800 400 640800 159600 400
-800 400 640800 159600 400
-800 400 640800 159600 400
-800 400 640800 159600 400
-800 400 640800 159600 400
-800 400 640800 159600 400
-792 398 628056 158006 398
-800 400 640800 159600 400
-800 400 640800 159600 400
-800 400 640800 159600 400
-800 400 640800 159600 400
-800 400 640800 159600 400
-800 400 640800 159600 400
-800 400 640800 159600 400
-800 400 640800 159600 400
-800 400 640800 159600 400
-792 398 628056 158006 398
-792 398 628056 158006 398
-800 400 640800 159600 400
-800 400 640800 159600 400
-800 400 640800 159600 400
-800 400 640800 159600 400
-800 400 640800 159600 400
-800 400 640800 159600 400
-800 400 640800 159600 400
-800 400 640800 159600 400
-800 400 640800 159600 400
-800 400 640800 159600 400
-800 400 640800 159600 400
-800 400 640800 159600 400
-800 400 640800 159600 400
-800 400 640800 159600 400
-800 400 640800 159600 400
-800 400 640800 159600 400
-800 400 640800 159600 400
-800 400 640800 159600 400
-800 400 640800 159600 400
-800 400 640800 159600 400
-800 400 640800 159600 400
-800 400 640800 159600 400
-792 398 628056 158006 398
-792 398 628056 158006 398
-792 398 628056 158006 398
-788 396 621732 156420 396
-788 396 621732 156420 396
-792 398 628056 158006 398
-792 398 628056 158006 398
-792 398 628056 158006 398
-800 400 640800 159600 400
-800 400 640800 159600 400
-800 400 640800 159600 400
-800 400 640800 159600 400
-800 400 640800 159600 400
-800 400 640800 159600 400
-792 398 628056 158006 398
-792 398 628056 158006 398
-800 400 640800 159600 400
-800 400 640800 159600 400
-800 400 640800 159600 400
-800 400 640800 159600 400
-800 400 640800 159600 400
-800 400 640800 159600 400
-800 400 640800 159600 400
-800 400 640800 159600 400
-800 400 640800 159600 400
-800 400 640800 159600 400
-800 400 640800 159600 400
-800 400 640800 159600 400
-800 400 640800 159600 400
-800 400 640800 159600 400
-800 400 640800 159600 400
-800 400 640800 159600 400
-800 400 640800 159600 400
-800 400 640800 159600 400
-800 400 640800 159600 400
-792 398 628056 158006 398
-800 400 640800 159600 400
-800 400 640800 159600 400
-800 400 640800 159600 400
-800 400 640800 159600 400
-792 398 628056 158006 398
-792 398 628056 158006 398
-800 400 640800 159600 400
-800 400 640800 159600 400
-800 400 640800 159600 400
-800 400 640800 159600 400
-800 400 640800 159600 400
-800 400 640800 159600 400
-800 400 640800 159600 400
-800 400 640800 159600 400
-800 400 640800 159600 400
-800 400 640800 159600 400
-800 400 640800 159600 400
-800 400 640800 159600 400
-800 400 640800 159600 400
-800 400 640800 159600 400
-800 400 640800 159600 400
-800 400 640800 159600 400
-800 400 640800 159600 400
-800 400 640800 159600 400
-800 400 640800 159600 400
-800 400 640800 159600 400
-800 400 640800 159600 400
-800 400 640800 159600 400
-800 400 640800 159600 400
-800 400 640800 159600 400
-800 400 640800 159600 400
-800 400 640800 159600 400
-800 400 640800 159600 400
-800 400 640800 159600 400
-800 400 640800 159600 400
-800 400 640800 159600 400
-800 400 640800 159600 400
-788 396 621732 156420 396
-792 398 628056 158006 398
-800 400 640800 159600 400
-792 398 628056 158006 398
-800 400 640800 159600 400
-800 400 640800 159600 400
-800 400 640800 159600 400
-800 400 640800 159600 400
-800 400 640800 159600 400
-792 398 628056 158006 398
-800 400 640800 159600 400
-800 400 640800 159600 400
-800 400 640800 159600 400
-800 400 640800 159600 400
-800 400 640800 159600 400
-800 400 640800 159600 400
-800 400 640800 159600 400
-800 400 640800 159600 400
-800 400 640800 159600 400
-800 400 640800 159600 400
-800 400 640800 159600 400
-800 400 640800 159600 400
-800 400 640800 159600 400
-800 400 640800 159600 400
-792 398 628056 158006 398
-792 398 628056 158006 398
-792 398 628056 158006 398
-800 400 640800 159600 400
-800 400 640800 159600 400
-800 400 640800 159600 400
-800 400 640800 159600 400
-800 400 640800 159600 400
-800 400 640800 159600 400
-800 400 640800 159600 400
-800 400 640800 159600 400
-800 400 640800 159600 400
-800 400 640800 159600 400
-800 400 640800 159600 400
-800 400 640800 159600 400
-800 400 640800 159600 400
-800 400 640800 159600 400
-800 400 640800 159600 400
-800 400 640800 159600 400
-800 400 640800 159600 400
-800 400 640800 159600 400
-800 400 640800 159600 400
-800 400 640800 159600 400
-800 400 640800 159600 400
-800 400 640800 159600 400
-800 400 640800 159600 400
-800 400 640800 159600 400
-792 398 628056 158006 398
-800 400 640800 159600 400
-800 400 640800 159600 400
-800 400 640800 159600 400
-800 400 640800 159600 400
-800 400 640800 159600 400
-792 398 628056 158006 398
-792 398 628056 158006 398
-792 398 628056 158006 398
-792 398 628056 158006 398
-792 398 628056 158006 398
-800 400 640800 159600 400
-800 400 640800 159600 400
-800 400 640800 159600 400
-800 400 640800 159600 400
-800 400 640800 159600 400
-800 400 640800 159600 400
-800 400 640800 159600 400
-800 400 640800 159600 400
-800 400 640800 159600 400
-800 400 640800 159600 400
-800 400 640800 159600 400
-800 400 640800 159600 400
-800 400 640800 159600 400
-800 400 640800 159600 400
-800 400 640800 159600 400
-800 400 640800 159600 400
-800 400 640800 159600 400
-792 398 628056 158006 398
-800 400 640800 159600 400
-800 400 640800 159600 400
-800 400 640800 159600 400
-800 400 640800 159600 400
-800 400 640800 159600 400
-800 400 640800 159600 400
-800 400 640800 159600 400
-800 400 640800 159600 400
-800 400 640800 159600 400
-800 400 640800 159600 400
-800 400 640800 159600 400
