-300 34 22575 561 34 214
-352 48 31064 1128 48 379
-456 86 52098 3655 86 520
-460 112 53015 6216 112 641
-516 138 66693 9453 138 750
-540 130 73035 8385 130 838
-520 114 67730 6441 114 934
-572 106 81939 5565 106 1026
-544 136 74120 9180 136 1103
-500 130 62625 8385 130 1196
-568 134 80798 8911 134 1292
-608 152 92568 11476 152 1367
-584 154 85410 11781 154 1446
-588 140 86583 9730 140 1519
-596 126 88953 7875 126 1588
-588 102 86583 5151 102 1650
-624 68 97500 2278 68 1721
-632 56 100014 1540 56 1789
-604 86 91355 3655 86 1844
-572 80 81939 3160 80 1927
-564 66 79665 2145 66 2000
-584 52 85410 1326 52 2075
-544 50 74120 1225 50 2160
-572 80 81939 3160 80 2233
-520 54 67730 1431 54 2312
-532 68 70889 2278 68 2393
-540 102 73035 5151 102 2468
-512 104 65664 5356 104 2565
-556 74 77423 2701 74 2660
-536 94 71958 4371 94 2756
-508 76 64643 2850 76 2843
-512 74 65664 2701 74 2924
-568 58 80798 1653 58 2992
-564 60 79665 1770 60 3061
-548 46 75213 1035 46 3136
-552 50 76314 1225 50 3222
-516 50 66693 1225 50 3308
-552 68 76314 2278 68 3393
-572 76 81939 2850 76 3473
-592 66 87764 2145 66 3538
-552 50 76314 1225 50 3614
-536 36 71958 630 36 3693
-548 42 75213 861 42 3780
-532 60 70889 1770 60 3861
-524 44 68775 946 44 3945
-568 28 80798 378 28 4021
-564 38 79665 703 38 4104
-552 58 76314 1653 58 4184
-560 32 78540 496 32 4261
-552 44 76314 946 44 4323
-552 44 76314 946 44 4393
-572 30 81939 435 30 4464
-592 54 87764 1431 54 4538
-572 58 81939 1653 58 4600
-572 60 81939 1770 60 4671
-584 78 85410 3003 78 4740
-544 72 74120 2556 72 4821
-552 86 76314 3655 86 4912
-536 86 71958 3655 86 5006
-572 114 81939 6441 114 5094
-564 108 79665 5778 108 5161
-552 142 76314 10011 142 5228
-576 156 83088 12090 156 5305
-596 150 88953 11175 150 5376
-596 168 88953 14028 168 5445
-604 166 91355 13695 166 5502
-560 116 78540 6670 116 5583
-524 116 68775 6670 116 5657
-524 94 68775 4371 94 5748
-556 112 77423 6216 112 5839
-568 112 80798 6216 112 5897
-564 108 79665 5778 108 5975
-560 134 78540 8911 134 6040
-548 122 75213 7381 122 6116
-556 130 77423 8385 130 6186
-564 108 79665 5778 108 6261
-572 98 81939 4753 98 6328
-552 128 76314 8128 128 6397
-588 130 86583 8385 130 6462
-560 138 78540 9453 138 6544
-544 122 74120 7381 122 6618
-520 122 67730 7381 122 6706
-560 120 78540 7140 120 6795
-556 116 77423 6670 116 6871
-556 156 77423 12090 156 6959
-576 188 83088 17578 188 7045
-592 174 87764 15051 174 7114
-564 172 79665 14706 172 7189
-572 186 81939 17205 186 7280
-568 176 80798 15400 176 7351
-540 186 73035 17205 186 7434
-576 208 83088 21528 208 7509
-564 212 79665 22366 212 7577
-588 232 86583 26796 232 7647
-624 244 97500 29646 244 7705
-636 276 101283 37950 276 7761
-624 260 97500 33670 260 7809
-608 244 92568 29646 244 7857
-628 236 98753 27730 236 7909
-584 240 85410 28680 240 7973
-632 244 100014 29646 244 8037
-640 240 102560 28680 240 8083
-612 254 93789 32131 254 8144
-628 262 98753 34191 262 8204
-644 296 103845 43660 296 8263
-696 304 121278 46056 304 8303
-692 312 119889 48516 312 8335
-668 310 111723 47895 310 8370
-644 314 103845 49141 314 8406
-668 324 111723 52326 324 8463
-708 332 125493 54946 332 8501
-692 328 119889 53628 328 8519
-724 346 131225 59685 346 8548
-700 340 122675 57630 340 8589
-636 316 101283 49770 316 8631
-656 336 107748 56280 336 8687
-684 352 117135 61776 352 8733
-712 372 126914 69006 372 8763
-724 364 131225 66066 364 8795
-680 362 115770 65341 362 8824
-688 368 118508 67528 368 8865
-676 364 114413 66066 364 8901
-684 358 117135 63903 358 8948
-692 360 119889 64620 360 8981
-692 360 119889 64620 360 9015
-664 352 110390 61776 352 9055
-660 352 109065 61776 352 9093
-704 364 124080 66066 364 9129
-684 362 117135 65341 362 9152
-700 368 122675 67528 368 9183
-684 354 117135 62481 354 9224
-672 364 113064 66066 364 9269
-680 360 115770 64620 360 9311
-704 368 124080 67528 368 9343
-708 372 125493 69006 372 9377
-708 372 125493 69006 372 9395
-640 352 102560 61776 352 9429
-664 356 110390 63190 356 9473
-624 350 97500 61075 350 9530
-624 336 97500 56280 336 9583
-632 340 100014 57630 340 9637
-652 342 106439 58311 342 9682
-648 334 105138 55611 334 9720
-608 336 92568 56280 336 9777
-664 352 110390 61776 352 9819
-684 358 117135 63903 358 9854
-660 346 109065 59685 346 9894
-632 340 100014 57630 340 9951
-688 364 118508 66066 364 9983
-704 372 124080 69006 372 10011
-740 384 137085 73536 384 10041
-716 376 128343 70500 376 10061
-700 372 122675 69006 372 10085
-716 376 128343 70500 376 10101
-676 360 114413 64620 360 10129
-700 356 122675 63190 356 10163
-680 364 115770 66066 364 10197
-656 358 107748 63903 358 10248
-692 364 119889 66066 364 10285
-716 374 128343 69751 374 10320
-684 358 117135 63903 358 10346
-684 368 117135 67528 368 10379
-708 372 125493 69006 372 10403
-708 374 125493 69751 374 10438
-684 354 117135 62481 354 10474
-696 360 121278 64620 360 10509
-700 364 122675 66066 364 10551
-704 372 124080 69006 372 10587
-748 386 140063 74305 386 10608
-748 386 140063 74305 386 10620
-728 378 132678 71253 378 10640
-692 370 119889 68265 370 10672
-692 364 119889 66066 364 10709
-672 360 113064 64620 360 10737
-740 382 137085 72771 382 10766
-748 382 140063 72771 382 10788
-716 374 128343 69751 374 10810
-716 376 128343 70500 376 10839
-708 374 125493 69751 374 10864
-692 368 119889 67528 368 10889
-676 362 114413 65341 362 10918
-668 360 111723 64620 360 10963
-640 346 102560 59685 346 11004
-664 344 110390 58996 344 11049
-644 342 103845 58311 342 11094
-664 356 110390 63190 356 11133
-676 362 114413 65341 362 11180
-640 350 102560 61075 350 11214
-668 352 111723 61776 352 11255
-632 348 100014 60378 348 11293
-712 372 126914 69006 372 11337
-668 352 111723 61776 352 11373
-672 358 113064 63903 358 11414
-704 366 124080 66795 366 11446
-700 370 122675 68265 370 11476
-720 372 129780 69006 372 11499
-692 366 119889 66795 366 11530
-684 364 117135 66066 364 11565
-712 370 126914 68265 370 11596
-720 378 129780 71253 378 11616
-684 364 117135 66066 364 11649
-688 366 118508 66795 366 11682
-688 352 118508 61776 352 11715
-688 356 118508 63190 356 11741
-708 350 125493 61075 350 11768
-704 356 124080 63190 356 11793
-708 354 125493 62481 354 11822
-668 348 111723 60378 348 11849
-692 348 119889 60378 348 11883
-688 346 118508 59685 346 11924
-656 348 107748 60378 348 11961
-712 368 126914 67528 368 12005
-740 378 137085 71253 378 12030
-736 380 135608 72010 380 12051
-740 384 137085 73536 384 12085
-748 384 140063 73536 384 12113
-752 388 141564 75078 388 12127
-768 390 147648 75855 390 12146
-736 382 135608 72771 382 12164
-720 378 129780 71253 378 12192
-684 368 117135 67528 368 12221
-720 376 129780 70500 376 12261
-736 380 135608 72010 380 12285
-708 370 125493 68265 370 12310
-716 372 128343 69006 372 12335
-660 356 109065 63190 356 12375
-720 376 129780 70500 376 12409
-708 374 125493 69751 374 12438
-696 372 121278 69006 372 12465
-704 372 124080 69006 372 12481
-716 374 128343 69751 374 12498
-668 360 111723 64620 360 12535
-696 366 121278 66795 366 12574
-724 378 131225 71253 378 12598
-756 388 143073 75078 388 12611
-688 368 118508 67528 368 12641
-728 380 132678 72010 380 12663
-752 380 141564 72010 380 12687
-708 372 125493 69006 372 12709
-716 374 128343 69751 374 12742
-716 374 128343 69751 374 12770
-744 384 138570 73536 384 12793
-728 382 132678 72771 382 12806
-740 382 137085 72771 382 12824
-676 364 114413 66066 364 12855
-708 374 125493 69751 374 12886
-708 376 125493 70500 376 12919
-732 382 134139 72771 382 12940
-764 390 146115 75855 390 12962
-700 372 122675 69006 372 12977
-668 362 111723 65341 362 13002
-708 370 125493 68265 370 13034
-708 376 125493 70500 376 13071
-700 372 122675 69006 372 13097
-748 386 140063 74305 386 13126
-752 384 141564 73536 384 13143
-752 386 141564 74305 386 13158
-720 370 129780 68265 370 13172
-688 366 118508 66795 366 13204
-696 370 121278 68265 370 13236
-672 362 113064 65341 362 13268
-716 374 128343 69751 374 13288
-748 386 140063 74305 386 13316
-684 364 117135 66066 364 13339
-696 362 121278 65341 362 13362
-696 362 121278 65341 362 13402
-724 368 131225 67528 368 13437
-704 364 124080 66066 364 13469
-732 378 134139 71253 378 13494
-708 372 125493 69006 372 13523
-724 378 131225 71253 378 13550
-696 368 121278 67528 368 13573
-752 384 141564 73536 384 13597
-748 386 140063 74305 386 13620
-684 364 117135 66066 364 13649
-696 370 121278 68265 370 13688
-696 368 121278 67528 368 13711
-700 366 122675 66795 366 13730
-740 380 137085 72010 380 13759
-744 382 138570 72771 382 13784
-768 382 147648 72771 382 13798
-732 378 134139 71253 378 13814
-748 386 140063 74305 386 13828
-724 378 131225 71253 378 13860
-748 386 140063 74305 386 13882
-724 376 131225 70500 376 13903
-724 366 131225 66795 366 13932
-688 366 118508 66795 366 13972
-680 358 115770 63903 358 14002
-712 376 126914 70500 376 14033
-664 356 110390 63190 356 14067
-692 366 119889 66795 366 14096
-712 374 126914 69751 374 14128
-704 374 124080 69751 374 14172
-720 378 129780 71253 378 14204
-704 372 124080 69006 372 14231
-728 372 132678 69006 372 14257
-712 368 126914 67528 368 14289
-700 370 122675 68265 370 14326
-664 360 110390 64620 360 14363
-680 366 115770 66795 366 14394
-736 382 135608 72771 382 14416
-744 384 138570 73536 384 14437
-752 388 141564 75078 388 14453
-740 384 137085 73536 384 14469
-708 366 125493 66795 366 14498
-680 352 115770 61776 352 14529
-676 356 114413 63190 356 14575
-656 348 107748 60378 348 14609
-668 352 111723 61776 352 14663
-664 346 110390 59685 346 14698
-708 356 125493 63190 356 14725
-672 340 113064 57630 340 14763
-672 354 113064 62481 354 14808
-684 364 117135 66066 364 14841
-760 390 144590 75855 390 14868
-752 388 141564 75078 388 14881
-740 384 137085 73536 384 14899
-676 362 114413 65341 362 14924
-680 356 115770 63190 356 14961
-676 364 114413 66066 364 14987
-664 358 110390 63903 358 15026
-688 368 118508 67528 368 15059
-696 368 121278 67528 368 15089
-712 370 126914 68265 370 15114
-728 380 132678 72010 380 15143
-724 374 131225 69751 374 15164
-732 378 134139 71253 378 15174
-692 370 119889 68265 370 15200
-704 372 124080 69006 372 15239
-720 374 129780 69751 374 15264
-752 388 141564 75078 388 15287
-752 386 141564 74305 386 15298
-744 386 138570 74305 386 15314
-760 390 144590 75855 390 15320
-768 392 147648 76636 392 15335
-736 382 135608 72771 382 15350
-688 364 118508 66066 364 15381
-684 364 117135 66066 364 15427
-688 364 118508 66066 364 15463
-672 366 113064 66795 366 15504
-716 374 128343 69751 374 15534
-716 378 128343 71253 378 15558
-720 378 129780 71253 378 15578
-700 370 122675 68265 370 15616
-716 376 128343 70500 376 15649
-696 372 121278 69006 372 15671
-728 380 132678 72010 380 15693
-752 384 141564 73536 384 15713
-708 368 125493 67528 368 15737
-732 378 134139 71253 378 15758
-732 378 134139 71253 378 15776
-720 378 129780 71253 378 15802
-716 368 128343 67528 368 15827
-716 374 128343 69751 374 15852
-712 370 126914 68265 370 15874
-744 384 138570 73536 384 15897
-744 386 138570 74305 386 15920
-760 390 144590 75855 390 15940
-740 384 137085 73536 384 15955
-748 386 140063 74305 386 15984
-724 380 131225 72010 380 16003
-724 376 131225 70500 376 16035
-760 390 144590 75855 390 16052
-760 390 144590 75855 390 16062
-692 372 119889 69006 372 16081
-700 372 122675 69006 372 16103
-744 384 138570 73536 384 16127
-712 376 126914 70500 376 16155
-720 374 129780 69751 374 16184
-712 374 126914 69751 374 16216
-740 384 137085 73536 384 16243
-744 384 138570 73536 384 16261
-728 378 132678 71253 378 16284
-700 362 122675 65341 362 16314
-696 368 121278 67528 368 16339
-688 366 118508 66795 366 16368
-712 370 126914 68265 370 16386
-708 376 125493 70500 376 16407
-700 370 122675 68265 370 16444
-692 368 119889 67528 368 16471
-684 362 117135 65341 362 16516
-696 366 121278 66795 366 16556
-696 366 121278 66795 366 16584
-692 364 119889 66066 364 16609
-716 372 128343 69006 372 16649
-740 382 137085 72771 382 16676
-708 374 125493 69751 374 16704
-720 376 129780 70500 376 16733
-664 352 110390 61776 352 16769
-680 362 115770 65341 362 16812
-720 378 129780 71253 378 16848
-716 374 128343 69751 374 16882
-720 378 129780 71253 378 16912
-692 366 119889 66795 366 16936
-684 366 117135 66795 366 16974
-700 370 122675 68265 370 17002
-708 370 125493 68265 370 17034
-712 372 126914 69006 372 17049
-736 378 135608 71253 378 17080
-676 360 114413 64620 360 17119
-668 358 111723 63903 358 17148
-688 366 118508 66795 366 17176
-672 358 113064 63903 358 17206
-620 346 96255 59685 346 17254
-640 354 102560 62481 354 17304
-664 356 110390 63190 356 17343
-632 346 100014 59685 346 17380
-656 346 107748 59685 346 17424
-648 342 105138 58311 342 17476
-636 338 101283 56953 338 17512
-700 366 122675 66795 366 17552
-716 370 128343 68265 370 17576
-688 358 118508 63903 358 17600
-672 358 113064 63903 358 17636
-640 344 102560 58996 344 17675
-640 330 102560 54285 330 17732
-696 366 121278 66795 366 17764
-696 362 121278 65341 362 17800
-736 382 135608 72771 382 17822
-732 376 134139 70500 376 17843
-732 378 134139 71253 378 17868
-716 372 128343 69006 372 17891
-720 374 129780 69751 374 17932
-700 368 122675 67528 368 17957
-724 380 131225 72010 380 17985
-648 348 105138 60378 348 18013
-680 366 115770 66795 366 18050
-676 364 114413 66066 364 18083
-688 360 118508 64620 360 18121
-696 368 121278 67528 368 18143
-736 382 135608 72771 382 18168
-768 392 147648 76636 392 18181
-764 390 146115 75855 390 18190
-720 374 129780 69751 374 18218
-708 374 125493 69751 374 18240
-700 368 122675 67528 368 18265
-672 360 113064 64620 360 18303
-688 364 118508 66066 364 18345
-672 354 113064 62481 354 18376
-696 366 121278 66795 366 18408
-700 368 122675 67528 368 18429
-672 354 113064 62481 354 18462
-660 344 109065 58996 344 18501
-676 352 114413 61776 352 18527
-692 346 119889 59685 346 18560
-668 338 111723 56953 338 18600
-668 340 111723 57630 340 18633
-648 326 105138 52975 326 18672
-656 322 107748 51681 322 18716
-660 334 109065 55611 334 18756
-636 312 101283 48516 312 18805
-652 314 106439 49141 314 18840
-676 336 114413 56280 336 18879
-672 324 113064 52326 324 18913
-700 346 122675 59685 346 18960
-680 326 115770 52975 326 19004
-676 322 114413 51681 322 19046
-692 358 119889 63903 358 19080
-708 362 125493 65341 362 19116
-676 352 114413 61776 352 19143
-712 364 126914 66066 364 19177
-692 352 119889 61776 352 19207
-708 352 125493 61776 352 19237
-680 348 115770 60378 348 19273
-668 346 111723 59685 346 19326
-616 330 95018 54285 330 19372
-652 340 106439 57630 340 19419
-660 352 109065 61776 352 19469
-684 356 117135 63190 356 19499
-664 344 110390 58996 344 19539
-624 330 97500 54285 330 19590
-600 312 90150 48516 312 19649
-580 302 84245 45451 302 19708
-580 308 84245 47278 308 19783
-648 332 105138 54946 332 19869
-680 350 115770 61075 350 19920
-616 328 95018 53628 328 19969
-640 342 102560 58311 342 20024
-704 360 124080 64620 360 20071
-700 362 122675 65341 362 20100
-724 372 131225 69006 372 20123
-728 380 132678 72010 380 20141
-744 386 138570 74305 386 20168
-724 380 131225 72010 380 20181
-712 374 126914 69751 374 20204
-708 374 125493 69751 374 20236
-716 378 128343 71253 378 20248
-716 378 128343 71253 378 20278
-696 370 121278 68265 370 20294
-680 364 115770 66066 364 20321
-672 358 113064 63903 358 20358
-732 376 134139 70500 376 20393
-716 378 128343 71253 378 20420
-740 384 137085 73536 384 20445
-756 388 143073 75078 388 20461
-756 388 143073 75078 388 20477
-732 382 134139 72771 382 20492
-748 386 140063 74305 386 20514
-740 384 137085 73536 384 20541
-720 376 129780 70500 376 20561
-708 376 125493 70500 376 20577
-724 378 131225 71253 378 20608
-752 386 141564 74305 386 20622
-760 390 144590 75855 390 20642
-728 382 132678 72771 382 20664
-748 384 140063 73536 384 20683
-716 370 128343 68265 370 20702
-728 372 132678 69006 372 20727
-728 378 132678 71253 378 20758
-680 362 115770 65341 362 20798
-716 376 128343 70500 376 20827
-708 374 125493 69751 374 20848
-692 370 119889 68265 370 20880
-708 374 125493 69751 374 20902
-712 374 126914 69751 374 20932
-756 386 143073 74305 386 20954
-752 388 141564 75078 388 20971
-744 382 138570 72771 382 20998
-752 388 141564 75078 388 21015
-740 384 137085 73536 384 21029
-728 380 132678 72010 380 21051
-728 380 132678 72010 380 21071
-764 390 146115 75855 390 21088
-724 380 131225 72010 380 21111
-676 364 114413 66066 364 21151
-700 368 122675 67528 368 21177
-708 366 125493 66795 366 21202
-660 354 109065 62481 354 21236
-668 352 111723 61776 352 21279
-704 356 124080 63190 356 21317
-712 372 126914 69006 372 21357
-716 374 128343 69751 374 21386
-748 378 140063 71253 378 21414
-724 372 131225 69006 372 21435
-692 364 119889 66066 364 21467
-720 374 129780 69751 374 21492
-740 378 137085 71253 378 21518
-744 378 138570 71253 378 21530
-736 382 135608 72771 382 21564
-712 376 126914 70500 376 21581
-720 378 129780 71253 378 21606
-724 378 131225 71253 378 21630
-728 378 132678 71253 378 21644
-716 372 128343 69006 372 21669
-720 374 129780 69751 374 21704
-700 366 122675 66795 366 21742
-708 376 125493 70500 376 21771
-692 362 119889 65341 362 21810
-688 368 118508 67528 368 21839
-720 376 129780 70500 376 21867
-736 378 135608 71253 378 21896
-740 378 137085 71253 378 21930
-708 370 125493 68265 370 21960
-692 370 119889 68265 370 22000
-700 366 122675 66795 366 22044
-716 372 128343 69006 372 22069
-712 372 126914 69006 372 22095
-644 348 103845 60378 348 22139
-668 354 111723 62481 354 22184
-688 358 118508 63903 358 22212
-672 346 113064 59685 346 22250
-612 336 93789 56280 336 22293
-636 352 101283 61776 352 22341
-704 372 124080 69006 372 22367
-692 366 119889 66795 366 22402
-660 360 109065 64620 360 22427
-688 368 118508 67528 368 22463
-688 358 118508 63903 358 22508
-668 356 111723 63190 356 22539
-700 368 122675 67528 368 22571
-676 364 114413 66066 364 22607
-688 358 118508 63903 358 22646
-680 364 115770 66066 364 22673
-720 374 129780 69751 374 22700
-708 372 125493 69006 372 22731
-700 370 122675 68265 370 22752
-712 374 126914 69751 374 22780
-696 366 121278 66795 366 22802
-664 360 110390 64620 360 22847
-644 352 103845 61776 352 22893
-688 366 118508 66795 366 22932
-704 372 124080 69006 372 22961
-696 356 121278 63190 356 22989
-696 352 121278 61776 352 23019
-692 358 119889 63903 358 23054
-640 342 102560 58311 342 23094
-628 332 98753 54946 332 23135
-684 358 117135 63903 358 23182
-668 344 111723 58996 344 23225
-684 358 117135 63903 358 23266
-664 348 110390 60378 348 23317
-656 358 107748 63903 358 23356
-644 350 103845 61075 350 23404
-680 348 115770 60378 348 23443
-664 348 110390 60378 348 23481
-660 344 109065 58996 344 23531
-656 352 107748 61776 352 23569
-672 352 113064 61776 352 23597
-640 336 102560 56280 336 23659
-656 348 107748 60378 348 23715
-632 330 100014 54285 330 23772
-652 344 106439 58996 344 23817
-668 358 111723 63903 358 23854
-704 370 124080 68265 370 23886
-724 376 131225 70500 376 23919
-728 380 132678 72010 380 23945
-696 368 121278 67528 368 23967
-724 380 131225 72010 380 23983
-752 384 141564 73536 384 24003
-712 372 126914 69006 372 24021
-708 372 125493 69006 372 24043
-708 372 125493 69006 372 24073
-676 358 114413 63903 358 24100
-692 362 119889 65341 362 24140
-684 354 117135 62481 354 24174
-672 362 113064 65341 362 24208
-648 352 105138 61776 352 24255
-676 364 114413 66066 364 24297
-692 366 119889 66795 366 24342
-724 374 131225 69751 374 24374
-720 376 129780 70500 376 24393
-704 364 124080 66066 364 24417
-664 362 110390 65341 362 24452
-644 352 103845 61776 352 24491
-684 366 117135 66795 366 24526
-732 380 134139 72010 380 24559
-740 384 137085 73536 384 24597
-736 384 135608 73536 384 24613
-752 388 141564 75078 388 24627
-704 376 124080 70500 376 24649
-744 384 138570 73536 384 24673
-732 382 134139 72771 382 24696
-756 388 143073 75078 388 24707
-756 388 143073 75078 388 24723
-724 380 131225 72010 380 24741
-716 376 128343 70500 376 24763
-692 368 119889 67528 368 24795
-668 356 111723 63190 356 24833
-660 356 109065 63190 356 24871
-704 372 124080 69006 372 24903
-640 346 102560 59685 346 24936
-680 356 115770 63190 356 24979
-664 354 110390 62481 354 25018
-664 350 110390 61075 350 25072
-652 342 106439 58311 342 25114
-664 346 110390 59685 346 25160
-644 342 103845 58311 342 25202
-632 336 100014 56280 336 25249
-648 346 105138 59685 346 25298
-680 362 115770 65341 362 25336
-712 374 126914 69751 374 25372
-716 376 128343 70500 376 25393
-680 366 115770 66795 366 25432
-676 364 114413 66066 364 25455
-696 366 121278 66795 366 25488
-704 362 124080 65341 362 25516
-704 372 124080 69006 372 25545
-708 370 125493 68265 370 25578
-716 372 128343 69006 372 25601
-720 378 129780 71253 378 25632
-708 368 125493 67528 368 25669
-712 370 126914 68265 370 25702
-752 382 141564 72771 382 25728
-732 378 134139 71253 378 25746
-716 374 128343 69751 374 25766
-704 374 124080 69751 374 25798
-740 382 137085 72771 382 25824
-768 390 147648 75855 390 25842
-736 384 135608 73536 384 25857
-760 390 144590 75855 390 25888
-744 384 138570 73536 384 25901
-692 372 119889 69006 372 25921
-716 378 128343 71253 378 25944
-724 380 131225 72010 380 25963
-744 384 138570 73536 384 25979
-736 384 135608 73536 384 25999
-732 378 134139 71253 378 26016
-712 376 126914 70500 376 26035
-704 372 124080 69006 372 26057
-748 384 140063 73536 384 26079
-732 374 134139 69751 374 26102
-732 380 134139 72010 380 26127
-760 390 144590 75855 390 26144
-708 372 125493 69006 372 26165
-728 374 132678 69751 374 26178
-712 374 126914 69751 374 26200
-724 378 131225 71253 378 26230
-704 370 124080 68265 370 26250
-724 376 131225 70500 376 26281
-736 384 135608 73536 384 26303
-704 374 124080 69751 374 26324
-724 380 131225 72010 380 26353
-752 388 141564 75078 388 26373
-712 374 126914 69751 374 26388
-684 362 117135 65341 362 26436
-680 352 115770 61776 352 26475
-680 354 115770 62481 354 26502
-716 370 128343 68265 370 26526
-704 366 124080 66795 366 26554
-688 362 118508 65341 362 26584
-732 376 134139 70500 376 26605
-716 376 128343 70500 376 26621
-728 380 132678 72010 380 26639
-716 378 128343 71253 378 26666
-760 390 144590 75855 390 26682
-768 392 147648 76636 392 26693
-720 376 129780 70500 376 26711
-752 384 141564 73536 384 26745
-736 378 135608 71253 378 26768
-756 386 143073 74305 386 26786
-748 384 140063 73536 384 26801
-684 370 117135 68265 370 26830
-660 356 109065 63190 356 26871
-680 360 115770 64620 360 26909
-728 370 132678 68265 370 26938
-736 372 135608 69006 372 26959
-732 378 134139 71253 378 26982
-728 372 132678 69006 372 27005
-680 362 115770 65341 362 27040
-688 358 118508 63903 358 27076
-720 374 129780 69751 374 27108
-664 358 110390 63903 358 27136
-628 340 98753 57630 340 27183
-656 354 107748 62481 354 27224
-708 374 125493 69751 374 27260
-724 378 131225 71253 378 27292
-736 378 135608 71253 378 27310
-700 370 122675 68265 370 27336
-748 386 140063 74305 386 27360
-724 372 131225 69006 372 27379
-712 376 126914 70500 376 27405
-736 382 135608 72771 382 27430
-652 354 106439 62481 354 27458
-700 372 122675 69006 372 27495
-648 358 105138 63903 358 27528
-692 364 119889 66066 364 27569
-720 366 129780 66795 366 27600
-688 356 118508 63190 356 27637
-688 360 118508 64620 360 27667
-748 384 140063 73536 384 27695
-688 368 118508 67528 368 27723
-708 374 125493 69751 374 27760
-720 376 129780 70500 376 27785
-744 384 138570 73536 384 27799
-748 380 140063 72010 380 27811
-740 374 137085 69751 374 27836
-680 354 115770 62481 354 27862
-660 346 109065 59685 346 27890
-652 342 106439 58311 342 27926
-652 348 106439 60378 348 27971
-636 350 101283 61075 350 28012
-676 352 114413 61776 352 28049
-684 360 117135 64620 360 28087
-676 364 114413 66066 364 28119
-688 366 118508 66795 366 28162
-708 374 125493 69751 374 28196
-708 370 125493 68265 370 28228
-740 380 137085 72010 380 28255
-712 376 126914 70500 376 28285
-724 378 131225 71253 378 28302
-740 378 137085 71253 378 28332
-708 372 125493 69006 372 28355
-752 388 141564 75078 388 28377
-764 390 146115 75855 390 28384
-716 378 128343 71253 378 28406
-708 370 125493 68265 370 28440
-728 378 132678 71253 378 28478
-688 368 118508 67528 368 28503
-676 362 114413 65341 362 28538
-720 372 129780 69006 372 28565
-724 374 131225 69751 374 28596
-704 366 124080 66795 366 28620
-708 366 125493 66795 366 28640
-708 372 125493 69006 372 28667
-724 378 131225 71253 378 28690
-704 374 124080 69751 374 28718
-720 380 129780 72010 380 28743
-704 370 124080 68265 370 28768
-712 368 126914 67528 368 28799
-700 368 122675 67528 368 28829
-716 372 128343 69006 372 28863
-708 368 125493 67528 368 28889
-728 380 132678 72010 380 28915
-740 382 137085 72771 382 28936
-736 382 135608 72771 382 28956
-728 380 132678 72010 380 28985
-728 378 132678 71253 378 29008
-720 372 129780 69006 372 29033
-736 378 135608 71253 378 29046
-744 382 138570 72771 382 29068
-724 376 131225 70500 376 29085
-740 384 137085 73536 384 29101
-736 382 135608 72771 382 29124
-776 394 150738 77421 394 29136
-752 388 141564 75078 388 29155
-716 376 128343 70500 376 29169
-764 390 146115 75855 390 29190
-696 370 121278 68265 370 29222
-720 378 129780 71253 378 29250
-688 368 118508 67528 368 29273
-712 372 126914 69006 372 29305
-736 378 135608 71253 378 29334
-720 370 129780 68265 370 29366
-700 360 122675 64620 360 29389
-712 366 126914 66795 366 29414
-684 356 117135 63190 356 29447
-696 368 121278 67528 368 29479
-708 370 125493 68265 370 29500
-664 346 110390 59685 346 29532
-672 358 113064 63903 358 29566
-712 374 126914 69751 374 29600
-716 370 128343 68265 370 29628
-732 382 134139 72771 382 29662
-680 364 115770 66066 364 29689
-696 364 121278 66066 364 29731
-704 370 124080 68265 370 29754
-704 364 124080 66066 364 29793
-676 344 114413 58996 344 29825
-680 340 115770 57630 340 29865
-680 352 115770 61776 352 29905
-672 346 113064 59685 346 29942
-716 364 128343 66066 364 29981
-704 372 124080 69006 372 30011
-704 372 124080 69006 372 30035
-692 368 119889 67528 368 30067
-696 370 121278 68265 370 30098
-668 364 111723 66066 364 30129
-688 364 118508 66066 364 30159
-684 360 117135 64620 360 30183
-716 370 128343 68265 370 30210
-748 386 140063 74305 386 30224
-756 388 143073 75078 388 30251
-712 374 126914 69751 374 30272
-712 370 126914 68265 370 30298
-700 370 122675 68265 370 30322
-708 372 125493 69006 372 30353
-652 358 106439 63903 358 30382
-632 344 100014 58996 344 30413
-668 358 111723 63903 358 30454
-628 334 98753 55611 334 30496
-652 352 106439 61776 352 30529
-640 346 102560 59685 346 30572
-656 352 107748 61776 352 30619
-680 362 115770 65341 362 30656
-712 374 126914 69751 374 30682
-736 382 135608 72771 382 30712
-724 380 131225 72010 380 30731
-744 384 138570 73536 384 30757
-748 386 140063 74305 386 30774
-728 378 132678 71253 378 30804
-748 384 140063 73536 384 30827
-736 380 135608 72010 380 30843
-716 374 128343 69751 374 30868
-728 380 132678 72010 380 30893
-740 382 137085 72771 382 30914
-764 390 146115 75855 390 30928
-748 386 140063 74305 386 30946
-680 366 115770 66795 366 30970
-704 370 124080 68265 370 31002
-696 370 121278 68265 370 31028
-708 374 125493 69751 374 31064
-656 354 107748 62481 354 31104
-692 360 119889 64620 360 31145
-688 364 118508 66066 364 31169
-732 382 134139 72771 382 31194
-744 386 138570 74305 386 31214
-756 386 143073 74305 386 31228
-716 372 128343 69006 372 31255
-724 378 131225 71253 378 31292
-700 368 122675 67528 368 31323
-676 362 114413 65341 362 31358
-680 352 115770 61776 352 31397
-688 356 118508 63190 356 31427
-668 354 111723 62481 354 31466
-680 354 115770 62481 354 31500
-668 358 111723 63903 358 31540
-684 358 117135 63903 358 31584
-676 358 114413 63903 358 31632
-692 356 119889 63190 356 31673
-704 352 124080 61776 352 31715
-672 346 113064 59685 346 31762
-668 352 111723 61776 352 31797
-684 346 117135 59685 346 31836
-664 336 110390 56280 336 31869
-712 356 126914 63190 356 31907
-684 338 117135 56953 338 31938
-712 348 126914 60378 348 31971
-688 340 118508 57630 340 32001
-676 324 114413 52326 324 32041
-652 326 106439 52975 326 32082
-632 314 100014 49141 314 32130
-680 328 115770 53628 328 32173
-700 344 122675 58996 344 32215
-684 332 117135 54946 332 32245
-640 322 102560 51681 322 32282
-652 330 106439 54285 330 32328
-636 324 101283 52326 324 32387
-668 320 111723 51040 320 32437
-648 312 105138 48516 312 32483
-656 328 107748 53628 328 32523
-652 332 106439 54946 332 32561
-704 352 124080 61776 352 32593
-696 356 121278 63190 356 32625
-672 358 113064 63903 358 32678
-664 362 110390 65341 362 32720
-652 354 106439 62481 354 32760
-668 360 111723 64620 360 32795
-656 358 107748 63903 358 32830
-712 376 126914 70500 376 32861
-752 388 141564 75078 388 32881
-712 370 126914 68265 370 32910
-728 372 132678 69006 372 32943
-716 370 128343 68265 370 32968
-700 368 122675 67528 368 33009
-720 376 129780 70500 376 33029
-728 380 132678 72010 380 33047
-704 372 124080 69006 372 33069
-704 366 124080 66795 366 33102
-748 386 140063 74305 386 33132
-736 384 135608 73536 384 33157
-704 372 124080 69006 372 33179
-716 374 128343 69751 374 33204
-712 372 126914 69006 372 33227
-688 366 118508 66795 366 33256
-708 374 125493 69751 374 33278
-728 380 132678 72010 380 33295
-708 366 125493 66795 366 33328
-728 380 132678 72010 380 33353
-716 376 128343 70500 376 33371
-736 380 135608 72010 380 33391
-740 384 137085 73536 384 33415
-720 372 129780 69006 372 33437
-704 362 124080 65341 362 33468
-704 366 124080 66795 366 33502
-680 360 115770 64620 360 33533
-660 350 109065 61075 350 33574
-652 350 106439 61075 350 33626
-692 364 119889 66066 364 33669
-684 340 117135 57630 340 33711
-656 336 107748 56280 336 33745
-660 330 109065 54285 330 33792
-700 350 122675 61075 350 33848
-672 342 113064 58311 342 33888
-640 336 102560 56280 336 33923
-604 326 91355 52975 326 33976
-640 332 102560 54946 332 34027
-692 356 119889 63190 356 34067
-688 358 118508 63903 358 34106
-668 360 111723 64620 360 34135
-668 358 111723 63903 358 34172
-664 354 110390 62481 354 34206
-696 362 121278 65341 362 34240
-676 354 114413 62481 354 34262
-716 372 128343 69006 372 34291
-700 366 122675 66795 366 34326
-704 358 124080 63903 358 34352
-708 368 125493 67528 368 34379
-732 378 134139 71253 378 34408
-712 370 126914 68265 370 34440
-748 386 140063 74305 386 34462
-676 354 114413 62481 354 34504
-664 352 110390 61776 352 34545
-688 362 118508 65341 362 34584
-672 358 113064 63903 358 34620
-668 358 111723 63903 358 34664
-724 376 131225 70500 376 34697
-700 368 122675 67528 368 34727
-700 372 122675 69006 372 34755
-720 378 129780 71253 378 34788
-720 380 129780 72010 380 34813
-728 380 132678 72010 380 34843
-736 382 135608 72771 382 34856
-736 380 135608 72010 380 34869
-672 364 113064 66066 364 34895
-696 370 121278 68265 370 34924
-652 350 106439 61075 350 34962
-692 368 119889 67528 368 35003
-696 370 121278 68265 370 35030
-736 382 135608 72771 382 35048
-696 370 121278 68265 370 35074
-708 376 125493 70500 376 35109
-748 380 140063 72010 380 35141
-752 386 141564 74305 386 35154
-704 374 124080 69751 374 35176
-664 356 110390 63190 356 35217
-640 346 102560 59685 346 35276
-676 360 114413 64620 360 35313
-688 368 118508 67528 368 35347
-768 392 147648 76636 392 35373
-756 388 143073 75078 388 35385
-764 386 146115 74305 386 35396
-756 386 143073 74305 386 35414
-768 392 147648 76636 392 35431
-732 380 134139 72010 380 35449
-740 384 137085 73536 384 35457
-740 384 137085 73536 384 35479
-764 390 146115 75855 390 35490
-736 382 135608 72771 382 35510
-720 378 129780 71253 378 35536
