-232 -34 13514 595 34
-344 -34 29670 595 34
-336 -52 28308 1378 52
-368 -46 33948 1081 46
-416 -92 43368 4278 92
-404 -108 40905 5886 108
-468 -130 54873 8515 130
-452 -164 51189 13530 164
-480 -172 57720 14878 172
-488 -194 59658 18915 194
-500 -226 62625 25651 226
-472 -204 55814 20910 204
-488 -200 59658 20100 200
-504 -226 63630 25651 226
-568 -252 80798 31878 252
-556 -244 77423 29890 244
-592 -250 87764 31375 250
-592 -232 87764 27028 232
-540 -252 73035 31878 252
-604 -268 91355 36046 268
-552 -238 76314 28441 238
-572 -260 81939 33930 260
-556 -230 77423 26565 230
-564 -228 79665 26106 228
-572 -234 81939 27495 234
-600 -246 90150 30381 246
-576 -256 83088 32896 256
-584 -258 85410 33411 258
-620 -266 96255 35511 266
-612 -272 93789 37128 272
-644 -296 103845 43956 296
-608 -290 92568 42195 290
-616 -290 95018 42195 290
-644 -308 103845 47586 308
-668 -320 111723 51360 320
-652 -316 106439 50086 316
-632 -296 100014 43956 296
-648 -308 105138 47586 308
-632 -304 100014 46360 304
-644 -314 103845 49455 314
-660 -324 109065 52650 324
-708 -344 125493 59340 344
-636 -312 101283 48828 312
-688 -316 118508 50086 316
-680 -298 115770 44551 298
-672 -306 113064 46971 306
-656 -288 107748 41616 288
-676 -300 114413 45150 300
-672 -324 113064 52650 324
-660 -320 109065 51360 320
-648 -342 105138 58653 342
-680 -358 115770 64261 358
-692 -356 119889 63546 356
-744 -384 138570 73920 384
-728 -378 132678 71631 378
-664 -358 110390 64261 358
-700 -372 122675 69378 372
-744 -384 138570 73920 384
-732 -380 134139 72390 380
-740 -382 137085 73153 382
-736 -382 135608 73153 382
-716 -378 128343 71631 378
-696 -370 121278 68635 370
-688 -364 118508 66430 364
-704 -374 124080 70125 374
-728 -380 132678 72390 380
-716 -376 128343 70876 376
-724 -374 131225 70125 374
-740 -378 137085 71631 378
-708 -372 125493 69378 372
-720 -376 129780 70876 376
-724 -370 131225 68635 370
-696 -356 121278 63546 356
-700 -352 122675 62128 352
-672 -344 113064 59340 344
-676 -348 114413 60726 348
-652 -338 106439 57291 338
-660 -334 109065 55945 334
-672 -348 113064 60726 348
-708 -364 125493 66430 364
-680 -360 115770 64980 360
-728 -380 132678 72390 380
-732 -382 134139 73153 382
-748 -386 140063 74691 386
-752 -388 141564 75466 388
-748 -386 140063 74691 386
-704 -370 124080 68635 370
-656 -360 107748 64980 360
-672 -362 113064 65703 362
-668 -360 111723 64980 360
-676 -360 114413 64980 360
-704 -368 124080 67896 368
-660 -356 109065 63546 356
-656 -340 107748 57970 340
-604 -332 91355 55278 332
-608 -332 92568 55278 332
-672 -350 113064 61425 350
-656 -356 107748 63546 356
-700 -364 122675 66430 364
-724 -376 131225 70876 376
-708 -374 125493 70125 374
-700 -366 122675 67161 366
-688 -362 118508 65703 362
-680 -362 115770 65703 362
-768 -390 147648 76245 390
-736 -384 135608 73920 384
-752 -388 141564 75466 388
-728 -382 132678 73153 382
-736 -380 135608 72390 380
-768 -390 147648 76245 390
-740 -384 137085 73920 384
-760 -390 144590 76245 390
-768 -390 147648 76245 390
-728 -376 132678 70876 376
-744 -384 138570 73920 384
-720 -376 129780 70876 376
-736 -382 135608 73153 382
-736 -380 135608 72390 380
-712 -360 126914 64980 360
-704 -362 124080 65703 362
-668 -350 111723 61425 350
-688 -366 118508 67161 366
-708 -370 125493 68635 370
-692 -368 119889 67896 368
-708 -366 125493 67161 366
-684 -356 117135 63546 356
-672 -362 113064 65703 362
-684 -360 117135 64980 360
-696 -366 121278 67161 366
-720 -380 129780 72390 380
-724 -378 131225 71631 378
-700 -374 122675 70125 374
-716 -374 128343 70125 374
-704 -372 124080 69378 372
-708 -374 125493 70125 374
-672 -368 113064 67896 368
-656 -360 107748 64980 360
-652 -348 106439 60726 348
-636 -340 101283 57970 340
-684 -368 117135 67896 368
-680 -362 115770 65703 362
-676 -362 114413 65703 362
-700 -368 122675 67896 368
-696 -364 121278 66430 364
-708 -356 125493 63546 356
-656 -334 107748 55945 334
-664 -332 110390 55278 332
-612 -322 93789 52003 322
-604 -316 91355 50086 316
-624 -314 97500 49455 314
-584 -300 85410 45150 300
-604 -314 91355 49455 314
-648 -340 105138 57970 340
-648 -340 105138 57970 340
-684 -352 117135 62128 352
-648 -344 105138 59340 344
-692 -356 119889 63546 356
-700 -366 122675 67161 366
-732 -382 134139 73153 382
-752 -386 141564 74691 386
-724 -378 131225 71631 378
-700 -368 122675 67896 368
-732 -382 134139 73153 382
-756 -388 143073 75466 388
-744 -386 138570 74691 386
-700 -372 122675 69378 372
-708 -364 125493 66430 364
-696 -356 121278 63546 356
-688 -348 118508 60726 348
-660 -346 109065 60031 346
-656 -354 107748 62835 354
-712 -374 126914 70125 374
-692 -368 119889 67896 368
-684 -370 117135 68635 370
-692 -368 119889 67896 368
-660 -360 109065 64980 360
-680 -360 115770 64980 360
-676 -358 114413 64261 358
-664 -350 110390 61425 350
-692 -366 119889 67161 366
-704 -368 124080 67896 368
-668 -356 111723 63546 356
-684 -360 117135 64980 360
-712 -368 126914 67896 368
-732 -372 134139 69378 372
-724 -380 131225 72390 380
-744 -384 138570 73920 384
-748 -384 140063 73920 384
-736 -378 135608 71631 378
-772 -392 149189 77028 392
-732 -380 134139 72390 380
-724 -372 131225 69378 372
-664 -354 110390 62835 354
-668 -354 111723 62835 354
-640 -348 102560 60726 348
-668 -350 111723 61425 350
-616 -338 95018 57291 338
-628 -338 98753 57291 338
-640 -334 102560 55945 334
-676 -348 114413 60726 348
-660 -352 109065 62128 352
-684 -340 117135 57970 340
-688 -350 118508 61425 350
-692 -352 119889 62128 352
-700 -358 122675 64261 358
-724 -366 131225 67161 366
-688 -358 118508 64261 358
-672 -350 113064 61425 350
-672 -358 113064 64261 358
-644 -348 103845 60726 348
-676 -362 114413 65703 362
-672 -358 113064 64261 358
-652 -352 106439 62128 352
-708 -372 125493 69378 372
-700 -374 122675 70125 374
-700 -372 122675 69378 372
-728 -378 132678 71631 378
-728 -374 132678 70125 374
-736 -382 135608 73153 382
-700 -364 122675 66430 364
-652 -356 106439 63546 356
-656 -352 107748 62128 352
-640 -342 102560 58653 342
-636 -338 101283 57291 338
-652 -346 106439 60031 346
-688 -364 118508 66430 364
-700 -374 122675 70125 374
-664 -360 110390 64980 360
-756 -388 143073 75466 388
-728 -380 132678 72390 380
-752 -384 141564 73920 384
-748 -382 140063 73153 382
-688 -368 118508 67896 368
-680 -360 115770 64980 360
-688 -362 118508 65703 362
-704 -370 124080 68635 370
-744 -384 138570 73920 384
-728 -380 132678 72390 380
-752 -386 141564 74691 386
-728 -378 132678 71631 378
-696 -356 121278 63546 356
-684 -350 117135 61425 350
-656 -348 107748 60726 348
-656 -350 107748 61425 350
-668 -348 111723 60726 348
-668 -350 111723 61425 350
-656 -350 107748 61425 350
-700 -364 122675 66430 364
-732 -382 134139 73153 382
-708 -372 125493 69378 372
-688 -362 118508 65703 362
-644 -352 103845 62128 352
-692 -366 119889 67161 366
-668 -356 111723 63546 356
-648 -344 105138 59340 344
-680 -354 115770 62835 354
-704 -350 124080 61425 350
-700 -352 122675 62128 352
-664 -350 110390 61425 350
-680 -358 115770 64261 358
-688 -360 118508 64980 360
-724 -378 131225 71631 378
-740 -382 137085 73153 382
-740 -380 137085 72390 380
-752 -386 141564 74691 386
-736 -382 135608 73153 382
-708 -376 125493 70876 376
-704 -372 124080 69378 372
-728 -380 132678 72390 380
-740 -384 137085 73920 384
-720 -376 129780 70876 376
-724 -376 131225 70876 376
-716 -376 128343 70876 376
-752 -388 141564 75466 388
-728 -380 132678 72390 380
-692 -368 119889 67896 368
-700 -368 122675 67896 368
-676 -364 114413 66430 364
-724 -378 131225 71631 378
-736 -382 135608 73153 382
-672 -366 113064 67161 366
-696 -370 121278 68635 370
-696 -370 121278 68635 370
-692 -366 119889 67161 366
-712 -372 126914 69378 372
-728 -382 132678 73153 382
-752 -386 141564 74691 386
-720 -376 129780 70876 376
-712 -368 126914 67896 368
-696 -366 121278 67161 366
-680 -362 115770 65703 362
-660 -356 109065 63546 356
-676 -344 114413 59340 344
-692 -356 119889 63546 356
-676 -354 114413 62835 354
-700 -364 122675 66430 364
-720 -372 129780 69378 372
-720 -380 129780 72390 380
-724 -380 131225 72390 380
-740 -384 137085 73920 384
-760 -390 144590 76245 390
-740 -382 137085 73153 382
-756 -388 143073 75466 388
-740 -382 137085 73153 382
-716 -376 128343 70876 376
-728 -380 132678 72390 380
-708 -366 125493 67161 366
-708 -370 125493 68635 370
-688 -358 118508 64261 358
-640 -344 102560 59340 344
-664 -352 110390 62128 352
-668 -358 111723 64261 358
-640 -350 102560 61425 350
-612 -330 93789 54615 330
-604 -316 91355 50086 316
-648 -334 105138 55945 334
-652 -334 106439 55945 334
-704 -326 124080 53301 326
-672 -322 113064 52003 322
-676 -344 114413 59340 344
-648 -326 105138 53301 326
-680 -352 115770 62128 352
-676 -362 114413 65703 362
-672 -360 113064 64980 360
-628 -346 98753 60031 346
-640 -340 102560 57970 340
-652 -344 106439 59340 344
-656 -358 107748 64261 358
-696 -366 121278 67161 366
-684 -366 117135 67161 366
-712 -368 126914 67896 368
-720 -374 129780 70125 374
-672 -352 113064 62128 352
-660 -356 109065 63546 356
-704 -370 124080 68635 370
-696 -366 121278 67161 366
-740 -382 137085 73153 382
-740 -376 137085 70876 376
-672 -360 113064 64980 360
-692 -368 119889 67896 368
-724 -378 131225 71631 378
-696 -370 121278 68635 370
-720 -374 129780 70125 374
-724 -376 131225 70876 376
-724 -372 131225 69378 372
-700 -364 122675 66430 364
-664 -350 110390 61425 350
-680 -360 115770 64980 360
-636 -348 101283 60726 348
-644 -342 103845 58653 342
-616 -334 95018 55945 334
-624 -338 97500 57291 338
-640 -342 102560 58653 342
-680 -346 115770 60031 346
-684 -350 117135 61425 350
-680 -348 115770 60726 348
-664 -332 110390 55278 332
-676 -332 114413 55278 332
-644 -312 103845 48828 312
-660 -330 109065 54615 330
-668 -340 111723 57970 340
-644 -332 103845 55278 332
-636 -328 101283 53956 328
-620 -322 96255 52003 322
-596 -318 88953 50721 318
-664 -338 110390 57291 338
-652 -348 106439 60726 348
-652 -326 106439 53301 326
-640 -312 102560 48828 312
-640 -322 102560 52003 322
-708 -360 125493 64980 360
-684 -366 117135 67161 366
-700 -366 122675 67161 366
-692 -362 119889 65703 362
-720 -378 129780 71631 378
-720 -378 129780 71631 378
-756 -384 143073 73920 384
-724 -376 131225 70876 376
-652 -354 106439 62835 354
-692 -370 119889 68635 370
-680 -360 115770 64980 360
-688 -366 118508 67161 366
-688 -358 118508 64261 358
-708 -358 125493 64261 358
-652 -348 106439 60726 348
-672 -358 113064 64261 358
-712 -366 126914 67161 366
-720 -374 129780 70125 374
-700 -370 122675 68635 370
-680 -362 115770 65703 362
-700 -352 122675 62128 352
-692 -366 119889 67161 366
-716 -366 128343 67161 366
-696 -368 121278 67896 368
-704 -368 124080 67896 368
-748 -382 140063 73153 382
-748 -378 140063 71631 378
-760 -388 144590 75466 388
-736 -382 135608 73153 382
-720 -374 129780 70125 374
-696 -366 121278 67161 366
-728 -378 132678 71631 378
-688 -362 118508 65703 362
-656 -360 107748 64980 360
-700 -370 122675 68635 370
-696 -366 121278 67161 366
-700 -374 122675 70125 374
-660 -358 109065 64261 358
-672 -362 113064 65703 362
-696 -370 121278 68635 370
-660 -356 109065 63546 356
-700 -372 122675 69378 372
-692 -372 119889 69378 372
-688 -364 118508 66430 364
-680 -360 115770 64980 360
-648 -348 105138 60726 348
-708 -370 125493 68635 370
-728 -380 132678 72390 380
-720 -372 129780 69378 372
-708 -368 125493 67896 368
-704 -372 124080 69378 372
-692 -364 119889 66430 364
-680 -360 115770 64980 360
-736 -382 135608 73153 382
-704 -370 124080 68635 370
-720 -376 129780 70876 376
-720 -376 129780 70876 376
-752 -388 141564 75466 388
-736 -382 135608 73153 382
-740 -378 137085 71631 378
-732 -382 134139 73153 382
-744 -384 138570 73920 384
-680 -360 115770 64980 360
-696 -364 121278 66430 364
-684 -368 117135 67896 368
-728 -380 132678 72390 380
-724 -378 131225 71631 378
-716 -374 128343 70125 374
-736 -380 135608 72390 380
-708 -372 125493 69378 372
-728 -380 132678 72390 380
-748 -384 140063 73920 384
-736 -378 135608 71631 378
-736 -382 135608 73153 382
-728 -380 132678 72390 380
-728 -382 132678 73153 382
-704 -374 124080 70125 374
-708 -372 125493 69378 372
-700 -356 122675 63546 356
-664 -340 110390 57970 340
-672 -342 113064 58653 342
-684 -342 117135 58653 342
-692 -350 119889 61425 350
-688 -352 118508 62128 352
-712 -364 126914 66430 364
-708 -368 125493 67896 368
-720 -370 129780 68635 370
-724 -372 131225 69378 372
-708 -374 125493 70125 374
-644 -354 103845 62835 354
-692 -362 119889 65703 362
-656 -346 107748 60031 346
-672 -358 113064 64261 358
-708 -366 125493 67161 366
-684 -354 117135 62835 354
-696 -370 121278 68635 370
-708 -372 125493 69378 372
-684 -368 117135 67896 368
-672 -364 113064 66430 364
-688 -360 118508 64980 360
-704 -360 124080 64980 360
-704 -364 124080 66430 364
-728 -378 132678 71631 378
-724 -368 131225 67896 368
-684 -354 117135 62835 354
-708 -368 125493 67896 368
-696 -372 121278 69378 372
-720 -376 129780 70876 376
-716 -376 128343 70876 376
-704 -372 124080 69378 372
-740 -382 137085 73153 382
-720 -378 129780 71631 378
-724 -380 131225 72390 380
-732 -380 134139 72390 380
-744 -380 138570 72390 380
-732 -378 134139 71631 378
-744 -384 138570 73920 384
-696 -372 121278 69378 372
-700 -372 122675 69378 372
-684 -368 117135 67896 368
-676 -362 114413 65703 362
-716 -378 128343 71631 378
-708 -372 125493 69378 372
-712 -374 126914 70125 374
-708 -366 125493 67161 366
-728 -370 132678 68635 370
-696 -364 121278 66430 364
-720 -378 129780 71631 378
-740 -384 137085 73920 384
-704 -366 124080 67161 366
-676 -342 114413 58653 342
-688 -350 118508 61425 350
-692 -344 119889 59340 344
-700 -360 122675 64980 360
-692 -358 119889 64261 358
-712 -366 126914 67161 366
-676 -356 114413 63546 356
-680 -362 115770 65703 362
-656 -346 107748 60031 346
-688 -358 118508 64261 358
-668 -346 111723 60031 346
-700 -366 122675 67161 366
-712 -372 126914 69378 372
-704 -372 124080 69378 372
-732 -380 134139 72390 380
-700 -364 122675 66430 364
-740 -378 137085 71631 378
-708 -372 125493 69378 372
-700 -368 122675 67896 368
-708 -372 125493 69378 372
-712 -376 126914 70876 376
-720 -378 129780 71631 378
-736 -382 135608 73153 382
-728 -380 132678 72390 380
-740 -384 137085 73920 384
-708 -368 125493 67896 368
-688 -356 118508 63546 356
-672 -354 113064 62835 354
-664 -352 110390 62128 352
-664 -364 110390 66430 364
-700 -368 122675 67896 368
-708 -370 125493 68635 370
-700 -368 122675 67896 368
-676 -358 114413 64261 358
-724 -368 131225 67896 368
-688 -364 118508 66430 364
-672 -362 113064 65703 362
-696 -370 121278 68635 370
-700 -370 122675 68635 370
-688 -366 118508 67161 366
-696 -368 121278 67896 368
-684 -362 117135 65703 362
-744 -382 138570 73153 382
-704 -374 124080 70125 374
-724 -378 131225 71631 378
-776 -394 150738 77815 394
-692 -364 119889 66430 364
-672 -362 113064 65703 362
-664 -350 110390 61425 350
-680 -358 115770 64261 358
-660 -348 109065 60726 348
-628 -338 98753 57291 338
-648 -356 105138 63546 356
-692 -370 119889 68635 370
-700 -372 122675 69378 372
-724 -378 131225 71631 378
-712 -372 126914 69378 372
-728 -378 132678 71631 378
-688 -370 118508 68635 370
-684 -364 117135 66430 364
-744 -382 138570 73153 382
-700 -370 122675 68635 370
-728 -380 132678 72390 380
-720 -376 129780 70876 376
-740 -384 137085 73920 384
-720 -376 129780 70876 376
-740 -384 137085 73920 384
-720 -374 129780 70125 374
-708 -372 125493 69378 372
-688 -366 118508 67161 366
-704 -372 124080 69378 372
-688 -366 118508 67161 366
-676 -362 114413 65703 362
-628 -338 98753 57291 338
-660 -350 109065 61425 350
-648 -346 105138 60031 346
-668 -356 111723 63546 356
-696 -366 121278 67161 366
-668 -350 111723 61425 350
-652 -350 106439 61425 350
-724 -376 131225 70876 376
-740 -378 137085 71631 378
-716 -374 128343 70125 374
-720 -376 129780 70876 376
-700 -370 122675 68635 370
-720 -374 129780 70125 374
-736 -380 135608 72390 380
-768 -392 147648 77028 392
-728 -378 132678 71631 378
-736 -380 135608 72390 380
-732 -378 134139 71631 378
-696 -368 121278 67896 368
-684 -362 117135 65703 362
-700 -368 122675 67896 368
-680 -362 115770 65703 362
-720 -374 129780 70125 374
-732 -382 134139 73153 382
-760 -388 144590 75466 388
-760 -388 144590 75466 388
-748 -386 140063 74691 386
-708 -374 125493 70125 374
-692 -368 119889 67896 368
-724 -372 131225 69378 372
-704 -368 124080 67896 368
-688 -368 118508 67896 368
-704 -370 124080 68635 370
-740 -376 137085 70876 376
-712 -370 126914 68635 370
-700 -360 122675 64980 360
-724 -376 131225 70876 376
-692 -358 119889 64261 358
-664 -342 110390 58653 342
-688 -352 118508 62128 352
-648 -336 105138 56616 336
-632 -336 100014 56616 336
-636 -342 101283 58653 342
-600 -338 90150 57291 338
-624 -334 97500 55945 334
-648 -322 105138 52003 322
-652 -328 106439 53956 328
-664 -356 110390 63546 356
-684 -356 117135 63546 356
-680 -358 115770 64261 358
-660 -362 109065 65703 362
-700 -370 122675 68635 370
-736 -382 135608 73153 382
-728 -380 132678 72390 380
-740 -384 137085 73920 384
-736 -382 135608 73153 382
-744 -384 138570 73920 384
-712 -370 126914 68635 370
-712 -370 126914 68635 370
-736 -378 135608 71631 378
-728 -376 132678 70876 376
-712 -372 126914 69378 372
-712 -364 126914 66430 364
-652 -338 106439 57291 338
-656 -340 107748 57970 340
-660 -348 109065 60726 348
-660 -354 109065 62835 354
-728 -380 132678 72390 380
-704 -372 124080 69378 372
-740 -384 137085 73920 384
-776 -394 150738 77815 394
-768 -392 147648 77028 392
-760 -388 144590 75466 388
-728 -380 132678 72390 380
-728 -382 132678 73153 382
-732 -382 134139 73153 382
-740 -382 137085 73153 382
-764 -390 146115 76245 390
-724 -376 131225 70876 376
-712 -374 126914 70125 374
-708 -374 125493 70125 374
-700 -368 122675 67896 368
-704 -372 124080 69378 372
-672 -356 113064 63546 356
-684 -364 117135 66430 364
-696 -370 121278 68635 370
-700 -366 122675 67161 366
-696 -364 121278 66430 364
-716 -376 128343 70876 376
-688 -368 118508 67896 368
-740 -384 137085 73920 384
-716 -378 128343 71631 378
-732 -382 134139 73153 382
-720 -378 129780 71631 378
-712 -374 126914 70125 374
-712 -374 126914 70125 374
-740 -384 137085 73920 384
-732 -378 134139 71631 378
-740 -384 137085 73920 384
-716 -372 128343 69378 372
-700 -370 122675 68635 370
-668 -354 111723 62835 354
-700 -372 122675 69378 372
-708 -376 125493 70876 376
-664 -354 110390 62835 354
-692 -358 119889 64261 358
-664 -354 110390 62835 354
-676 -348 114413 60726 348
-680 -360 115770 64980 360
-676 -354 114413 62835 354
-696 -368 121278 67896 368
-668 -362 111723 65703 362
-676 -366 114413 67161 366
-676 -364 114413 66430 364
-696 -370 121278 68635 370
-728 -378 132678 71631 378
-696 -368 121278 67896 368
-660 -352 109065 62128 352
-704 -366 124080 67161 366
-716 -370 128343 68635 370
-668 -362 111723 65703 362
-696 -360 121278 64980 360
-724 -374 131225 70125 374
-700 -360 122675 64980 360
-664 -344 110390 59340 344
-692 -362 119889 65703 362
-708 -366 125493 67161 366
-712 -370 126914 68635 370
-720 -372 129780 69378 372
-700 -368 122675 67896 368
-680 -364 115770 66430 364
-684 -368 117135 67896 368
-676 -362 114413 65703 362
-724 -378 131225 71631 378
-728 -374 132678 70125 374
-684 -366 117135 67161 366
-712 -374 126914 70125 374
-716 -372 128343 69378 372
-732 -382 134139 73153 382
-732 -380 134139 72390 380
-732 -372 134139 69378 372
-692 -368 119889 67896 368
-672 -358 113064 64261 358
-708 -360 125493 64980 360
-732 -374 134139 70125 374
-728 -376 132678 70876 376
-696 -366 121278 67161 366
-680 -352 115770 62128 352
-688 -360 118508 64980 360
-692 -360 119889 64980 360
-680 -354 115770 62835 354
-716 -376 128343 70876 376
-724 -376 131225 70876 376
-748 -382 140063 73153 382
-720 -376 129780 70876 376
-720 -374 129780 70125 374
-736 -382 135608 73153 382
-756 -386 143073 74691 386
-744 -382 138570 73153 382
-724 -380 131225 72390 380
-700 -368 122675 67896 368
-724 -372 131225 69378 372
-720 -372 129780 69378 372
-716 -376 128343 70876 376
-688 -362 118508 65703 362
-692 -360 119889 64980 360
-684 -356 117135 63546 356
-708 -374 125493 70125 374
-708 -370 125493 68635 370
-712 -376 126914 70876 376
-680 -364 115770 66430 364
-716 -376 128343 70876 376
-668 -350 111723 61425 350
-680 -352 115770 62128 352
-624 -336 97500 56616 336
-604 -326 91355 53301 326
-652 -344 106439 59340 344
-620 -336 96255 56616 336
-648 -350 105138 61425 350
-712 -368 126914 67896 368
-660 -356 109065 63546 356
-652 -352 106439 62128 352
-684 -362 117135 65703 362
-664 -356 110390 63546 356
-664 -356 110390 63546 356
-716 -364 128343 66430 364
-676 -350 114413 61425 350
-688 -362 118508 65703 362
-676 -350 114413 61425 350
-676 -356 114413 63546 356
-684 -356 117135 63546 356
-688 -358 118508 64261 358
-672 -342 113064 58653 342
-632 -330 100014 54615 330
-648 -330 105138 54615 330
-664 -338 110390 57291 338
-668 -354 111723 62835 354
-684 -362 117135 65703 362
-676 -352 114413 62128 352
-664 -354 110390 62835 354
-688 -366 118508 67161 366
-684 -364 117135 66430 364
-696 -362 121278 65703 362
-688 -360 118508 64980 360
-636 -350 101283 61425 350
-664 -360 110390 64980 360
-668 -360 111723 64980 360
-672 -352 113064 62128 352
-688 -364 118508 66430 364
-712 -366 126914 67161 366
-700 -366 122675 67161 366
-720 -378 129780 71631 378
-692 -368 119889 67896 368
-708 -376 125493 70876 376
-708 -374 125493 70125 374
-708 -370 125493 68635 370
-744 -384 138570 73920 384
-716 -376 128343 70876 376
-696 -368 121278 67896 368
-712 -376 126914 70876 376
-716 -372 128343 69378 372
-732 -378 134139 71631 378
-728 -378 132678 71631 378
-684 -366 117135 67161 366
-728 -382 132678 73153 382
-764 -388 146115 75466 388
-704 -374 124080 70125 374
-728 -376 132678 70876 376
-732 -380 134139 72390 380
-696 -368 121278 67896 368
-700 -368 122675 67896 368
-704 -368 124080 67896 368
-680 -362 115770 65703 362
-700 -360 122675 64980 360
-696 -370 121278 68635 370
-688 -360 118508 64980 360
-692 -368 119889 67896 368
-648 -350 105138 61425 350
-720 -380 129780 72390 380
-672 -360 113064 64980 360
-664 -356 110390 63546 356
-636 -348 101283 60726 348
-668 -344 111723 59340 344
-668 -342 111723 58653 342
-696 -354 121278 62835 354
-688 -356 118508 63546 356
-692 -360 119889 64980 360
-696 -362 121278 65703 362
-676 -350 114413 61425 350
-696 -362 121278 65703 362
-712 -372 126914 69378 372
-684 -366 117135 67161 366
-708 -372 125493 69378 372
-724 -378 131225 71631 378
-728 -380 132678 72390 380
-720 -376 129780 70876 376
-712 -376 126914 70876 376
-696 -372 121278 69378 372
-712 -374 126914 70125 374
-716 -378 128343 71631 378
-700 -372 122675 69378 372
-648 -344 105138 59340 344
-696 -364 121278 66430 364
-668 -354 111723 62835 354
-716 -364 128343 66430 364
-720 -378 129780 71631 378
-724 -376 131225 70876 376
-720 -378 129780 71631 378
-692 -370 119889 68635 370
-712 -370 126914 68635 370
-688 -358 118508 64261 358
-672 -354 113064 62835 354
-700 -370 122675 68635 370
-728 -376 132678 70876 376
-708 -374 125493 70125 374
-632 -346 100014 60031 346
-716 -376 128343 70876 376
-720 -378 129780 71631 378
-732 -380 134139 72390 380
-708 -376 125493 70876 376
-664 -360 110390 64980 360
-632 -346 100014 60031 346
-692 -366 119889 67161 366
-748 -384 140063 73920 384
-688 -368 118508 67896 368
-668 -356 111723 63546 356
-688 -362 118508 65703 362
-720 -374 129780 70125 374
-704 -372 124080 69378 372
-720 -378 129780 71631 378
-760 -388 144590 75466 388
-732 -382 134139 73153 382
-744 -386 138570 74691 386
-728 -376 132678 70876 376
-680 -362 115770 65703 362
-692 -362 119889 65703 362
-704 -368 124080 67896 368
-676 -360 114413 64980 360
-680 -364 115770 66430 364
-760 -390 144590 76245 390
-752 -386 141564 74691 386
-720 -376 129780 70876 376
-680 -364 115770 66430 364
-704 -366 124080 67161 366
-692 -360 119889 64980 360
-712 -374 126914 70125 374
-688 -366 118508 67161 366
-700 -372 122675 69378 372
-688 -370 118508 68635 370
-696 -370 121278 68635 370
-672 -366 113064 67161 366
-672 -360 113064 64980 360
-720 -378 129780 71631 378
-720 -376 129780 70876 376
-724 -380 131225 72390 380
-672 -358 113064 64261 358
-708 -374 125493 70125 374
-704 -372 124080 69378 372
-740 -384 137085 73920 384
-756 -388 143073 75466 388
-708 -376 125493 70876 376
-704 -372 124080 69378 372
-696 -372 121278 69378 372
-692 -362 119889 65703 362
-716 -376 128343 70876 376
-728 -380 132678 72390 380
-668 -360 111723 64980 360
-660 -360 109065 64980 360
-696 -364 121278 66430 364
-724 -378 131225 71631 378
-728 -380 132678 72390 380
-668 -360 111723 64980 360
-696 -366 121278 67161 366
-680 -366 115770 67161 366
-640 -346 102560 60031 346
-660 -344 109065 59340 344
-676 -348 114413 60726 348
-680 -358 115770 64261 358
-696 -358 121278 64261 358
-696 -364 121278 66430 364
-672 -354 113064 62835 354
-692 -364 119889 66430 364
-676 -362 114413 65703 362
-680 -358 115770 64261 358
-672 -360 113064 64980 360
-688 -364 118508 66430 364
-716 -376 128343 70876 376
-712 -374 126914 70125 374
-704 -374 124080 70125 374
-744 -384 138570 73920 384
-736 -382 135608 73153 382
-764 -390 146115 76245 390
-744 -384 138570 73920 384
-736 -382 135608 73153 382
-696 -372 121278 69378 372
-720 -378 129780 71631 378
-720 -376 129780 70876 376
-732 -378 134139 71631 378
-736 -380 135608 72390 380
-716 -376 128343 70876 376
-712 -374 126914 70125 374
-712 -374 126914 70125 374
-728 -376 132678 70876 376
-712 -370 126914 68635 370
-692 -366 119889 67161 366
-676 -352 114413 62128 352
-696 -358 121278 64261 358
-748 -378 140063 71631 378
-708 -364 125493 66430 364
-732 -374 134139 70125 374
-688 -364 118508 66430 364
-660 -356 109065 63546 356
-704 -370 124080 68635 370
-724 -378 131225 71631 378
-704 -372 124080 69378 372
-716 -376 128343 70876 376
-728 -378 132678 71631 378
-720 -376 129780 70876 376
-756 -388 143073 75466 388
-728 -380 132678 72390 380
-736 -382 135608 73153 382
-744 -386 138570 74691 386
-724 -378 131225 71631 378
-692 -366 119889 67161 366
-692 -362 119889 65703 362
-656 -342 107748 58653 342
-680 -356 115770 63546 356
-688 -360 118508 64980 360
-680 -352 115770 62128 352
-728 -378 132678 71631 378
-696 -362 121278 65703 362
-684 -354 117135 62835 354
-692 -360 119889 64980 360
-640 -342 102560 58653 342
-684 -362 117135 65703 362
-708 -364 125493 66430 364
-704 -366 124080 67161 366
-704 -366 124080 67161 366
-724 -376 131225 70876 376
-704 -374 124080 70125 374
-688 -366 118508 67161 366
-680 -362 115770 65703 362
-656 -348 107748 60726 348
-688 -362 118508 65703 362
-716 -372 128343 69378 372
-700 -370 122675 68635 370
-756 -388 143073 75466 388
-776 -394 150738 77815 394
-760 -390 144590 76245 390
-736 -380 135608 72390 380
-684 -358 117135 64261 358
-644 -348 103845 60726 348
-628 -326 98753 53301 326
-628 -334 98753 55945 334
-656 -348 107748 60726 348
-700 -366 122675 67161 366
-712 -366 126914 67161 366
-704 -372 124080 69378 372
-692 -370 119889 68635 370
-696 -368 121278 67896 368
-672 -366 113064 67161 366
-688 -364 118508 66430 364
-648 -350 105138 61425 350
-672 -352 113064 62128 352
-688 -364 118508 66430 364
-728 -378 132678 71631 378
-696 -374 121278 70125 374
