-284 54 80940 2862 54 209
-456 44 208392 1892 44 328
-544 52 296480 2652 52 408
-608 40 370272 1560 40 470
-636 66 405132 4290 66 515
-648 82 420552 6642 82 557
-656 82 430992 6642 82 581
-680 98 463080 9506 98 599
-684 102 468540 10302 102 627
-676 88 457652 7656 88 650
-680 76 463080 5700 76 676
-672 84 452256 6972 84 708
-664 106 441560 11130 106 749
-672 100 452256 9900 100 778
-672 94 452256 8742 94 813
-668 108 446892 11556 108 844
-676 94 457652 8742 94 873
-672 96 452256 9120 96 898
-684 98 468540 9506 98 925
-680 92 463080 8372 92 952
-692 98 479556 9506 98 969
-692 112 479556 12432 112 994
-688 114 474032 12882 114 1013
-684 118 468540 13806 118 1043
-676 114 457652 12882 114 1061
-684 118 468540 13806 118 1081
-700 104 490700 10712 104 1100
-696 96 485112 9120 96 1124
-700 100 490700 9900 100 1148
-704 102 496320 10302 102 1167
-704 110 496320 11990 110 1177
-696 106 485112 11130 106 1197
-700 100 490700 9900 100 1214
-704 90 496320 8010 90 1235
-700 90 490700 8010 90 1253
-700 102 490700 10302 102 1279
-692 100 479556 9900 100 1292
-692 100 479556 9900 100 1314
-704 90 496320 8010 90 1337
-700 80 490700 6320 80 1354
-696 78 485112 6006 78 1371
-692 86 479556 7310 86 1393
-692 80 479556 6320 80 1420
-688 78 474032 6006 78 1439
-688 80 474032 6320 80 1458
-692 76 479556 5700 76 1482
-692 82 479556 6642 82 1499
-692 80 479556 6320 80 1522
-688 80 474032 6320 80 1548
-692 80 479556 6320 80 1564
-696 90 485112 8010 90 1577
-704 74 496320 5402 74 1609
-700 74 490700 5402 74 1627
-704 72 496320 5112 72 1642
-708 58 501972 3306 58 1661
-700 60 490700 3540 60 1670
-696 56 485112 3080 56 1678
-704 54 496320 2862 54 1687
-708 50 501972 2450 50 1699
-700 44 490700 1892 44 1712
-696 48 485112 2256 48 1724
-700 68 490700 4556 68 1744
-696 86 485112 7310 86 1759
-696 74 485112 5402 74 1777
-700 70 490700 4830 70 1797
-700 84 490700 6972 84 1820
-692 96 479556 9120 96 1838
-700 90 490700 8010 90 1859
-692 88 479556 7656 88 1878
-700 96 490700 9120 96 1898
-696 94 485112 8742 94 1921
-700 86 490700 7310 86 1945
-700 76 490700 5700 76 1966
-696 66 485112 4290 66 1987
-700 68 490700 4556 68 2008
-700 64 490700 4032 64 2032
-696 68 485112 4556 68 2052
-704 66 496320 4290 66 2075
-708 64 501972 4032 64 2090
-704 76 496320 5700 76 2102
-696 66 485112 4290 66 2113
-700 60 490700 3540 60 2132
-704 58 496320 3306 58 2149
-704 48 496320 2256 48 2166
-700 58 490700 3306 58 2185
-708 62 501972 3782 62 2195
-704 66 496320 4290 66 2207
-708 64 501972 4032 64 2210
-708 62 501972 3782 62 2225
-708 66 501972 4290 66 2241
-708 68 501972 4556 68 2256
-692 78 479556 6006 78 2269
-688 74 474032 5402 74 2297
-692 62 479556 3782 62 2319
-696 84 485112 6972 84 2338
-696 90 485112 8010 90 2357
-700 96 490700 9120 96 2376
-700 100 490700 9900 100 2388
-696 98 485112 9506 98 2413
-696 94 485112 8742 94 2431
-692 92 479556 8372 92 2452
-696 102 485112 10302 102 2477
-700 110 490700 11990 110 2497
-700 114 490700 12882 114 2519
-696 118 485112 13806 118 2529
-704 118 496320 13806 118 2547
-700 120 490700 14280 120 2568
-692 114 479556 12882 114 2593
-696 122 485112 14762 122 2611
-700 124 490700 15252 124 2632
-704 114 496320 12882 114 2647
-704 114 496320 12882 114 2661
-700 130 490700 16770 130 2681
-704 118 496320 13806 118 2695
-704 122 496320 14762 122 2707
-708 126 501972 15750 126 2719
-708 120 501972 14280 120 2732
-704 118 496320 13806 118 2743
-696 120 485112 14280 120 2758
-696 114 485112 12882 114 2769
-700 102 490700 10302 102 2787
-708 94 501972 8742 94 2801
-700 98 490700 9506 98 2817
-700 102 490700 10302 102 2835
-700 92 490700 8372 92 2852
-700 84 490700 6972 84 2866
-700 72 490700 5112 72 2888
-700 74 490700 5402 74 2917
-704 72 496320 5112 72 2938
-704 78 496320 6006 78 2951
-700 68 490700 4556 68 2972
-704 80 496320 6320 80 2994
-708 78 501972 6006 78 3005
-704 78 496320 6006 78 3019
-696 88 485112 7656 88 3036
-700 86 490700 7310 86 3059
-704 76 496320 5700 76 3076
-704 94 496320 8742 94 3095
-696 108 485112 11556 108 3112
-704 120 496320 14280 120 3124
-704 114 496320 12882 114 3143
-700 112 490700 12432 112 3158
-696 116 485112 13340 116 3178
-688 110 474032 11990 110 3195
-700 106 490700 11130 106 3217
-700 108 490700 11556 108 3242
-700 114 490700 12882 114 3255
-700 102 490700 10302 102 3277
-696 114 485112 12882 114 3297
-700 116 490700 13340 116 3322
-704 118 496320 13806 118 3339
-704 124 496320 15252 124 3358
-708 120 501972 14280 120 3370
-708 108 501972 11556 108 3382
-708 106 501972 11130 106 3391
-708 106 501972 11130 106 3403
-712 100 507656 9900 100 3418
-708 120 501972 14280 120 3430
-708 120 501972 14280 120 3436
-708 116 501972 13340 116 3446
-708 112 501972 12432 112 3458
-696 112 485112 12432 112 3478
-692 126 479556 15750 126 3495
-688 112 474032 12432 112 3508
-696 108 485112 11556 108 3526
-696 112 485112 12432 112 3548
-708 112 501972 12432 112 3564
-700 122 490700 14762 122 3587
-704 122 496320 14762 122 3603
-700 122 490700 14762 122 3625
-704 122 496320 14762 122 3645
-696 122 485112 14762 122 3667
-696 124 485112 15252 124 3692
-696 130 485112 16770 130 3719
-704 134 496320 17822 134 3739
-700 138 490700 18906 138 3751
-700 136 490700 18360 136 3762
-704 138 496320 18906 138 3775
-704 134 496320 17822 134 3791
-700 148 490700 21756 148 3814
-700 142 490700 20022 142 3833
-704 130 496320 16770 130 3853
-704 140 496320 19460 140 3870
-696 154 485112 23562 154 3885
-704 154 496320 23562 154 3907
-704 144 496320 20592 144 3922
-704 142 496320 20022 142 3939
-704 144 496320 20592 144 3952
-704 142 496320 20022 142 3965
-704 146 496320 21170 146 3973
-696 156 485112 24180 156 3990
-696 162 485112 26082 162 4001
-700 152 490700 22952 152 4024
-696 162 485112 26082 162 4041
-696 176 485112 30800 176 4066
-696 180 485112 32220 180 4076
-704 178 496320 31506 178 4087
-700 162 490700 26082 162 4103
-708 172 501972 29412 172 4124
-704 176 496320 30800 176 4140
-704 168 496320 28056 168 4158
-700 162 490700 26082 162 4167
-700 160 490700 25440 160 4188
-696 152 485112 22952 152 4208
-696 164 485112 26732 164 4232
-696 148 485112 21756 148 4250
-696 144 485112 20592 144 4270
-692 136 479556 18360 136 4294
-696 128 485112 16256 128 4314
-692 114 479556 12882 114 4333
-700 116 490700 13340 116 4354
-692 124 479556 15252 124 4376
-696 130 485112 16770 130 4393
-700 140 490700 19460 140 4410
-708 134 501972 17822 134 4429
-704 122 496320 14762 122 4443
-696 128 485112 16256 128 4458
-700 116 490700 13340 116 4476
-700 112 490700 12432 112 4492
-704 108 496320 11556 108 4510
-704 118 496320 13806 118 4533
-704 118 496320 13806 118 4547
-700 122 490700 14762 122 4561
-704 128 496320 16256 128 4580
-704 124 496320 15252 124 4596
-704 132 496320 17292 132 4608
-692 148 479556 21756 148 4630
-696 166 485112 27390 166 4643
-696 174 485112 30102 174 4671
-708 160 501972 25440 160 4684
-708 158 501972 24806 158 4697
-700 160 490700 25440 160 4712
-700 158 490700 24806 158 4729
-700 162 490700 26082 162 4741
-688 148 474032 21756 148 4764
-696 158 485112 24806 158 4775
-692 158 479556 24806 158 4791
-700 152 490700 22952 152 4812
-696 156 485112 24180 156 4830
-700 156 490700 24180 156 4850
-704 148 496320 21756 148 4872
-696 158 485112 24806 158 4889
-696 154 485112 23562 154 4911
-684 150 468540 22350 150 4929
-688 148 474032 21756 148 4958
-688 160 474032 25440 160 4972
-688 162 474032 26082 162 4991
-676 176 457652 30800 176 5018
-692 174 479556 30102 174 5031
-696 168 485112 28056 168 5042
-696 174 485112 30102 174 5059
-696 160 485112 25440 160 5092
-692 160 479556 25440 160 5124
-696 166 485112 27390 166 5151
-696 154 485112 23562 154 5169
-696 152 485112 22952 152 5196
-700 154 490700 23562 154 5221
-700 148 490700 21756 148 5234
-696 160 485112 25440 160 5254
-696 170 485112 28730 170 5277
-696 174 485112 30102 174 5293
-692 182 479556 32942 182 5315
-684 188 468540 35156 188 5332
-700 180 490700 32220 180 5358
-696 172 485112 29412 172 5376
-688 186 474032 34410 186 5401
-688 178 474032 31506 178 5431
-696 188 485112 35156 188 5450
-696 188 485112 35156 188 5470
-700 190 490700 35910 190 5481
-704 192 496320 36672 192 5496
-704 198 496320 39006 198 5511
-704 194 496320 37442 194 5521
-704 188 496320 35156 188 5532
-708 196 501972 38220 196 5548
-708 204 501972 41412 204 5564
-704 198 496320 39006 198 5575
-700 204 490700 41412 204 5592
-704 200 496320 39800 200 5606
-704 196 496320 38220 196 5618
-704 198 496320 39006 198 5633
-700 194 490700 37442 194 5653
-708 194 501972 37442 194 5673
-700 198 490700 39006 198 5691
-704 198 496320 39006 198 5707
-700 198 490700 39006 198 5719
-700 196 490700 38220 196 5730
-692 194 479556 37442 194 5745
-712 194 507656 37442 194 5755
-712 198 507656 39006 198 5765
-712 194 507656 37442 194 5777
-712 198 507656 39006 198 5793
-704 208 496320 43056 208 5806
-700 200 490700 39800 200 5818
-708 200 501972 39800 200 5830
-696 190 485112 35910 190 5853
-696 172 485112 29412 172 5870
-692 162 479556 26082 162 5891
-692 158 479556 24806 158 5917
-700 142 490700 20022 142 5941
-704 136 496320 18360 136 5956
-704 126 496320 15750 126 5967
-692 124 479556 15252 124 5982
-700 130 490700 16770 130 5993
-708 136 501972 18360 136 6008
-708 136 501972 18360 136 6024
-700 128 490700 16256 128 6040
-700 126 490700 15750 126 6049
-704 134 496320 17822 134 6063
-704 112 496320 12432 112 6086
-708 126 501972 15750 126 6101
-704 126 496320 15750 126 6115
-700 122 490700 14762 122 6129
-704 132 496320 17292 132 6150
-704 128 496320 16256 128 6162
-708 144 501972 20592 144 6174
-712 138 507656 18906 138 6185
-712 136 507656 18360 136 6190
-708 136 501972 18360 136 6200
-708 130 501972 16770 130 6215
-704 134 496320 17822 134 6231
-700 126 490700 15750 126 6247
-700 108 490700 11556 108 6264
-696 114 485112 12882 114 6279
-696 110 485112 11990 110 6295
-700 112 490700 12432 112 6312
-696 104 485112 10712 104 6342
-700 112 490700 12432 112 6366
-696 106 485112 11130 106 6385
-692 92 479556 8372 92 6404
-696 104 485112 10712 104 6430
-700 98 490700 9506 98 6447
-696 94 485112 8742 94 6459
-696 100 485112 9900 100 6476
-700 94 490700 8742 94 6495
-700 82 490700 6642 82 6515
-692 90 479556 8010 90 6533
-692 88 479556 7656 88 6558
-688 80 474032 6320 80 6578
-700 82 490700 6642 82 6597
-700 84 490700 6972 84 6620
-696 90 485112 8010 90 6641
-708 94 501972 8742 94 6657
-704 76 496320 5700 76 6672
-700 60 490700 3540 60 6686
-700 56 490700 3080 56 6708
-704 60 496320 3540 60 6720
-704 46 496320 2070 46 6731
-704 46 496320 2070 46 6743
-692 64 479556 4032 64 6758
-700 64 490700 4032 64 6778
-696 76 485112 5700 76 6798
-692 76 479556 5700 76 6812
-700 72 490700 5112 72 6826
-700 62 490700 3782 62 6839
-700 60 490700 3540 60 6862
-696 56 485112 3080 56 6886
-700 58 490700 3306 58 6905
-704 62 496320 3782 62 6929
-704 60 496320 3540 60 6936
-696 56 485112 3080 56 6956
-700 54 490700 2862 54 6977
-692 56 479556 3080 56 6994
-680 44 463080 1892 44 7014
-688 34 474032 1122 34 7033
-696 36 485112 1260 36 7046
-684 30 468540 870 30 7069
-696 36 485112 1260 36 7088
-700 30 490700 870 30 7099
-692 32 479556 992 32 7114
-696 28 485112 756 28 7132
-704 36 496320 1260 36 7150
-700 38 490700 1406 38 7161
-700 22 490700 462 22 7191
-704 24 496320 552 24 7206
-704 30 496320 870 30 7221
-704 30 496320 870 30 7237
-700 44 490700 1892 44 7258
-700 34 490700 1122 34 7277
-696 46 485112 2070 46 7299
-684 52 468540 2652 52 7330
-680 50 463080 2450 50 7353
-668 72 446892 5112 72 7382
-684 70 468540 4830 70 7403
-684 68 468540 4556 68 7436
-692 78 479556 6006 78 7457
-692 84 479556 6972 84 7478
-688 82 474032 6642 82 7501
-676 86 457652 7310 86 7527
-680 90 463080 8010 90 7555
-684 92 468540 8372 92 7572
-688 92 474032 8372 92 7600
-688 112 474032 12432 112 7618
-696 92 485112 8372 92 7644
-688 94 474032 8742 94 7659
-696 102 485112 10302 102 7685
-700 94 490700 8742 94 7707
-700 98 490700 9506 98 7719
-692 96 479556 9120 96 7740
-692 100 479556 9900 100 7766
-696 104 485112 10712 104 7794
-696 106 485112 11130 106 7819
-692 92 479556 8372 92 7848
-688 108 474032 11556 108 7874
-696 118 485112 13806 118 7893
-696 118 485112 13806 118 7915
-700 128 490700 16256 128 7934
-704 126 496320 15750 126 7949
-684 108 468540 11556 108 7970
-688 102 474032 10302 102 7995
-700 88 490700 7656 88 8018
-700 82 490700 6642 82 8031
-700 68 490700 4556 68 8048
-704 76 496320 5700 76 8058
-708 82 501972 6642 82 8069
-700 76 490700 5700 76 8086
-708 76 501972 5700 76 8098
-700 74 490700 5402 74 8107
-700 66 490700 4290 66 8119
-704 72 496320 5112 72 8132
-700 62 490700 3782 62 8145
-704 66 496320 4290 66 8163
-692 90 479556 8010 90 8187
-672 112 452256 12432 112 8212
-684 116 468540 13340 116 8242
-688 108 474032 11556 108 8268
-688 120 474032 14280 120 8292
-688 120 474032 14280 120 8316
-692 126 479556 15750 126 8339
-692 144 479556 20592 144 8374
-688 140 474032 19460 140 8396
-688 142 474032 20022 142 8415
-692 150 479556 22350 150 8429
-700 164 490700 26732 164 8456
-704 154 496320 23562 154 8477
-700 164 490700 26732 164 8496
-708 168 501972 28056 168 8514
-708 176 501972 30800 176 8524
-708 178 501972 31506 178 8535
-700 194 490700 37442 194 8549
-696 188 485112 35156 188 8570
-688 198 474032 39006 198 8595
-696 204 485112 41412 204 8622
-684 214 468540 45582 214 8649
-696 218 485112 47306 218 8675
-692 200 479556 39800 200 8696
-684 202 468540 40602 202 8715
-688 218 474032 47306 218 8741
-696 220 485112 48180 220 8774
-696 220 485112 48180 220 8792
-700 214 490700 45582 214 8807
-700 208 490700 43056 208 8832
-692 204 479556 41412 204 8860
-688 206 474032 42230 206 8873
-688 210 474032 43890 210 8893
-692 206 479556 42230 206 8917
-696 210 485112 43890 210 8937
-696 192 485112 36672 192 8954
-696 208 485112 43056 208 8974
-692 204 479556 41412 204 9004
-696 204 485112 41412 204 9022
-696 204 485112 41412 204 9036
-700 206 490700 42230 206 9055
-708 210 501972 43890 210 9069
-704 204 496320 41412 204 9080
-708 208 501972 43056 208 9096
-708 204 501972 41412 204 9100
-712 194 507656 37442 194 9115
-700 188 490700 35156 188 9130
-704 188 496320 35156 188 9144
-700 204 490700 41412 204 9164
-708 192 501972 36672 192 9176
-708 194 501972 37442 194 9179
-696 184 485112 33672 184 9200
-700 200 490700 39800 200 9222
-692 186 479556 34410 186 9247
-704 184 496320 33672 184 9266
-700 182 490700 32942 182 9285
-700 180 490700 32220 180 9304
-708 164 501972 26732 164 9326
-704 168 496320 28056 168 9344
-700 166 490700 27390 166 9359
-696 160 485112 25440 160 9378
-688 166 474032 27390 166 9405
-688 176 474032 30800 176 9422
-692 172 479556 29412 172 9450
-700 186 490700 34410 186 9479
-692 192 479556 36672 192 9500
-700 188 490700 35156 188 9516
-704 190 496320 35910 190 9533
-700 180 490700 32220 180 9550
-688 186 474032 34410 186 9565
-688 186 474032 34410 186 9583
-700 180 490700 32220 180 9606
-692 194 479556 37442 194 9629
-700 198 490700 39006 198 9651
-700 188 490700 35156 188 9682
-696 194 485112 37442 194 9701
-704 194 496320 37442 194 9721
-704 186 496320 34410 186 9739
-704 192 496320 36672 192 9752
-704 180 496320 32220 180 9772
-704 178 496320 31506 178 9785
-700 186 490700 34410 186 9803
-700 190 490700 35910 190 9817
-700 190 490700 35910 190 9831
-696 180 485112 32220 180 9848
-700 196 490700 38220 196 9862
-704 184 496320 33672 184 9884
-704 188 496320 35156 188 9892
-692 182 479556 32942 182 9903
-704 178 496320 31506 178 9923
-696 182 485112 32942 182 9939
-688 188 474032 35156 188 9966
-688 190 474032 35910 190 9995
-708 172 501972 29412 172 10014
-712 172 507656 29412 172 10028
-704 180 496320 32220 180 10040
-708 174 501972 30102 174 10053
-700 178 490700 31506 178 10065
-700 180 490700 32220 180 10082
-704 164 496320 26732 164 10098
-704 166 496320 27390 166 10113
-696 152 485112 22952 152 10128
-692 168 479556 28056 168 10144
-700 168 490700 28056 168 10172
-700 160 490700 25440 160 10188
-704 158 496320 24806 158 10201
-712 164 507656 26732 164 10214
-712 166 507656 27390 166 10229
-700 174 490700 30102 174 10243
-700 178 490700 31506 178 10263
-708 170 501972 28730 170 10279
-704 166 496320 27390 166 10293
-708 154 501972 23562 154 10309
-700 142 490700 20022 142 10321
-708 146 501972 21170 146 10331
-704 162 496320 26082 162 10351
-696 166 485112 27390 166 10361
-692 156 479556 24180 156 10376
-696 150 485112 22350 150 10395
-692 160 479556 25440 160 10412
-692 172 479556 29412 172 10432
-692 162 479556 26082 162 10445
-692 158 479556 24806 158 10465
-696 164 485112 26732 164 10480
-700 154 490700 23562 154 10497
-696 164 485112 26732 164 10516
-700 166 490700 27390 166 10535
-700 170 490700 28730 170 10547
-696 172 485112 29412 172 10564
-688 182 474032 32942 182 10589
-696 182 485112 32942 182 10613
-700 182 490700 32942 182 10631
-704 172 496320 29412 172 10646
-696 172 485112 29412 172 10666
-700 170 490700 28730 170 10679
-700 176 490700 30800 176 10700
-696 184 485112 33672 184 10724
-696 188 485112 35156 188 10748
-696 202 485112 40602 202 10777
-696 210 485112 43890 210 10799
-700 218 490700 47306 218 10817
-704 230 496320 52670 230 10833
-700 242 490700 58322 242 10857
-704 246 496320 60270 246 10879
-704 262 496320 68382 262 10895
-684 270 468540 72630 270 10913
-708 282 501972 79242 282 10927
-704 286 496320 81510 286 10933
-700 288 490700 82656 288 10946
-696 284 485112 80372 284 10974
-696 266 485112 70490 266 10993
-692 258 479556 66306 258 11013
-680 266 463080 70490 266 11033
-692 268 479556 71556 268 11048
-692 268 479556 71556 268 11066
-680 260 463080 67340 260 11088
-684 278 468540 77006 278 11117
-692 290 479556 83810 290 11143
-712 302 507656 90902 302 11163
-708 308 501972 94556 308 11184
-724 296 524900 87320 296 11204
-724 316 524900 99540 316 11226
-728 334 530712 111222 334 11245
-736 338 542432 113906 338 11257
-740 348 548340 120756 348 11272
-744 360 554280 129240 360 11284
-756 370 572292 136530 370 11297
-744 366 554280 133590 366 11309
-768 382 590592 145542 382 11321
-776 392 602952 153272 392 11328
-800 400 640800 159600 400 11332
-800 400 640800 159600 400 11332
-800 400 640800 159600 400 11332
-800 400 640800 159600 400 11332
-800 400 640800 159600 400 11332
-800 400 640800 159600 400 11332
-800 400 640800 159600 400 11332
-800 400 640800 159600 400 11332
-800 400 640800 159600 400 11332
-800 400 640800 159600 400 11332
-800 400 640800 159600 400 11332
-800 400 640800 159600 400 11332
-800 400 640800 159600 400 11332
-792 398 628056 158006 398 11333
-792 398 628056 158006 398 11333
-792 398 628056 158006 398 11333
-800 400 640800 159600 400 11334
-800 400 640800 159600 400 11334
-800 400 640800 159600 400 11334
-800 400 640800 159600 400 11334
-800 400 640800 159600 400 11334
-792 398 628056 158006 398 11335
-800 400 640800 159600 400 11336
-800 400 640800 159600 400 11336
-800 400 640800 159600 400 11336
-800 400 640800 159600 400 11336
-800 400 640800 159600 400 11336
-800 400 640800 159600 400 11336
-800 400 640800 159600 400 11336
-800 400 640800 159600 400 11336
-800 400 640800 159600 400 11336
-800 400 640800 159600 400 11336
-800 400 640800 159600 400 11336
-800 400 640800 159600 400 11336
-800 400 640800 159600 400 11336
-800 400 640800 159600 400 11336
-800 400 640800 159600 400 11336
-784 396 615440 156420 396 11338
-800 400 640800 159600 400 11340
-800 400 640800 159600 400 11340
-800 400 640800 159600 400 11340
-800 400 640800 159600 400 11340
-800 400 640800 159600 400 11340
-800 400 640800 159600 400 11340
-800 400 640800 159600 400 11340
-800 400 640800 159600 400 11340
-800 400 640800 159600 400 11340
-800 400 640800 159600 400 11340
-792 398 628056 158006 398 11341
-800 400 640800 159600 400 11342
-800 400 640800 159600 400 11342
-800 400 640800 159600 400 11342
-800 400 640800 159600 400 11342
-800 400 640800 159600 400 11342
-800 400 640800 159600 400 11342
-800 400 640800 159600 400 11342
-800 400 640800 159600 400 11342
-800 400 640800 159600 400 11342
-800 400 640800 159600 400 11342
-800 400 640800 159600 400 11342
-800 400 640800 159600 400 11342
-800 400 640800 159600 400 11342
-800 400 640800 159600 400 11342
-800 400 640800 159600 400 11342
-800 400 640800 159600 400 11342
-800 400 640800 159600 400 11342
-800 400 640800 159600 400 11342
-800 400 640800 159600 400 11342
-800 400 640800 159600 400 11342
-800 400 640800 159600 400 11342
-800 400 640800 159600 400 11342
-800 400 640800 159600 400 11342
-800 400 640800 159600 400 11342
-800 400 640800 159600 400 11342
-800 400 640800 159600 400 11344
-792 398 628056 158006 398 11345
-792 398 628056 158006 398 11345
-792 398 628056 158006 398 11345
-792 398 628056 158006 398 11347
-792 398 628056 158006 398 11347
-792 398 628056 158006 398 11347
-800 400 640800 159600 400 11350
-800 400 640800 159600 400 11352
-800 400 640800 159600 400 11352
-800 400 640800 159600 400 11352
-800 400 640800 159600 400 11352
-800 400 640800 159600 400 11352
-800 400 640800 159600 400 11352
-800 400 640800 159600 400 11352
-800 400 640800 159600 400 11352
-800 400 640800 159600 400 11352
-800 400 640800 159600 400 11352
-800 400 640800 159600 400 11352
-800 400 640800 159600 400 11352
-800 400 640800 159600 400 11352
-800 400 640800 159600 400 11352
-800 400 640800 159600 400 11352
-800 400 640800 159600 400 11352
-800 400 640800 159600 400 11352
-800 400 640800 159600 400 11352
-800 400 640800 159600 400 11352
-800 400 640800 159600 400 11352
-800 400 640800 159600 400 11352
-800 400 640800 159600 400 11352
-800 400 640800 159600 400 11352
-792 398 628056 158006 398 11355
-792 398 628056 158006 398 11355
-800 400 640800 159600 400 11356
-800 400 640800 159600 400 11356
-800 400 640800 159600 400 11356
-800 400 640800 159600 400 11356
-800 400 640800 159600 400 11356
-800 400 640800 159600 400 11356
-800 400 640800 159600 400 11356
-800 400 640800 159600 400 11356
-800 400 640800 159600 400 11356
-800 400 640800 159600 400 11356
-800 400 640800 159600 400 11356
-800 400 640800 159600 400 11356
-792 398 628056 158006 398 11357
-792 398 628056 158006 398 11357
-792 398 628056 158006 398 11357
-800 400 640800 159600 400 11358
-800 400 640800 159600 400 11358
-800 400 640800 159600 400 11358
-800 400 640800 159600 400 11358
-800 400 640800 159600 400 11358
-800 400 640800 159600 400 11358
-800 400 640800 159600 400 11358
-800 400 640800 159600 400 11358
-800 400 640800 159600 400 11358
-800 400 640800 159600 400 11358
-800 400 640800 159600 400 11358
-800 400 640800 159600 400 11358
-800 400 640800 159600 400 11358
-800 400 640800 159600 400 11358
-800 400 640800 159600 400 11358
-792 398 628056 158006 398 11359
-800 400 640800 159600 400 11360
-800 400 640800 159600 400 11360
-800 400 640800 159600 400 11360
-800 400 640800 159600 400 11360
-800 400 640800 159600 400 11360
-800 400 640800 159600 400 11360
-800 400 640800 159600 400 11360
-800 400 640800 159600 400 11360
-800 400 640800 159600 400 11360
-800 400 640800 159600 400 11360
-800 400 640800 159600 400 11360
-800 400 640800 159600 400 11360
-800 400 640800 159600 400 11360
-800 400 640800 159600 400 11360
-800 400 640800 159600 400 11360
-800 400 640800 159600 400 11360
-800 400 640800 159600 400 11360
-800 400 640800 159600 400 11360
-800 400 640800 159600 400 11360
-800 400 640800 159600 400 11360
-800 400 640800 159600 400 11362
-792 398 628056 158006 398 11363
-792 398 628056 158006 398 11363
-800 400 640800 159600 400 11364
-800 400 640800 159600 400 11364
-800 400 640800 159600 400 11364
-800 400 640800 159600 400 11364
-800 400 640800 159600 400 11364
-800 400 640800 159600 400 11364
-800 400 640800 159600 400 11364
-800 400 640800 159600 400 11364
-800 400 640800 159600 400 11364
-800 400 640800 159600 400 11366
-792 398 628056 158006 398 11367
-800 400 640800 159600 400 11368
-800 400 640800 159600 400 11368
-800 400 640800 159600 400 11368
-800 400 640800 159600 400 11368
-800 400 640800 159600 400 11368
-800 400 640800 159600 400 11368
-800 400 640800 159600 400 11368
-800 400 640800 159600 400 11368
-800 400 640800 159600 400 11368
-800 400 640800 159600 400 11368
-800 400 640800 159600 400 11368
-800 400 640800 159600 400 11368
-800 400 640800 159600 400 11368
-800 400 640800 159600 400 11368
-800 400 640800 159600 400 11368
-800 400 640800 159600 400 11368
-800 400 640800 159600 400 11368
-800 400 640800 159600 400 11368
-800 400 640800 159600 400 11368
-800 400 640800 159600 400 11368
-800 400 640800 159600 400 11368
-800 400 640800 159600 400 11368
-800 400 640800 159600 400 11368
-800 400 640800 159600 400 11368
-800 400 640800 159600 400 11368
-800 400 640800 159600 400 11368
-800 400 640800 159600 400 11368
-800 400 640800 159600 400 11368
-800 400 640800 159600 400 11368
-800 400 640800 159600 400 11368
-800 400 640800 159600 400 11368
-800 400 640800 159600 400 11368
-800 400 640800 159600 400 11368
-800 400 640800 159600 400 11368
-800 400 640800 159600 400 11368
-800 400 640800 159600 400 11368
-800 400 640800 159600 400 11368
-800 400 640800 159600 400 11368
-800 400 640800 159600 400 11368
-800 400 640800 159600 400 11368
-800 400 640800 159600 400 11368
-800 400 640800 159600 400 11368
-800 400 640800 159600 400 11368
-792 398 628056 158006 398 11369
-800 400 640800 159600 400 11370
-800 400 640800 159600 400 11370
-800 400 640800 159600 400 11370
-800 400 640800 159600 400 11370
-800 400 640800 159600 400 11370
-800 400 640800 159600 400 11370
-800 400 640800 159600 400 11370
-800 400 640800 159600 400 11370
-800 400 640800 159600 400 11370
-800 400 640800 159600 400 11370
-800 400 640800 159600 400 11370
-800 400 640800 159600 400 11370
-800 400 640800 159600 400 11370
-800 400 640800 159600 400 11370
-800 400 640800 159600 400 11370
-800 400 640800 159600 400 11370
-800 400 640800 159600 400 11370
-800 400 640800 159600 400 11370
-800 400 640800 159600 400 11370
-800 400 640800 159600 400 11370
-800 400 640800 159600 400 11370
-800 400 640800 159600 400 11370
-800 400 640800 159600 400 11370
-800 400 640800 159600 400 11370
-800 400 640800 159600 400 11370
-800 400 640800 159600 400 11370
-800 400 640800 159600 400 11370
-800 400 640800 159600 400 11370
-800 400 640800 159600 400 11370
-800 400 640800 159600 400 11370
-800 400 640800 159600 400 11370
-800 400 640800 159600 400 11370
-800 400 640800 159600 400 11370
-800 400 640800 159600 400 11370
-800 400 640800 159600 400 11370
-800 400 640800 159600 400 11370
-800 400 640800 159600 400 11370
-800 400 640800 159600 400 11370
-792 398 628056 158006 398 11373
-784 396 615440 156420 396 11374
-776 394 602952 154842 394 11377
-792 398 628056 158006 398 11381
-792 398 628056 158006 398 11381
-800 400 640800 159600 400 11382
-800 400 640800 159600 400 11382
-800 400 640800 159600 400 11382
-800 400 640800 159600 400 11382
-800 400 640800 159600 400 11382
-792 398 628056 158006 398 11385
-800 400 640800 159600 400 11386
-800 400 640800 159600 400 11386
-800 400 640800 159600 400 11386
-800 400 640800 159600 400 11386
-800 400 640800 159600 400 11386
-800 400 640800 159600 400 11386
-800 400 640800 159600 400 11386
-800 400 640800 159600 400 11386
-792 398 628056 158006 398 11387
-800 400 640800 159600 400 11390
-800 400 640800 159600 400 11390
-800 400 640800 159600 400 11390
-800 400 640800 159600 400 11390
-800 400 640800 159600 400 11390
-800 400 640800 159600 400 11390
-800 400 640800 159600 400 11390
-800 400 640800 159600 400 11390
-792 398 628056 158006 398 11391
-792 398 628056 158006 398 11391
-792 398 628056 158006 398 11391
-792 398 628056 158006 398 11391
-792 398 628056 158006 398 11393
-788 396 621732 156420 396 11396
-788 396 621732 156420 396 11396
-800 400 640800 159600 400 11400
-800 400 640800 159600 400 11400
-800 400 640800 159600 400 11400
-800 400 640800 159600 400 11400
-784 396 615440 156420 396 11402
-800 400 640800 159600 400 11404
-800 400 640800 159600 400 11404
-800 400 640800 159600 400 11404
-800 400 640800 159600 400 11404
-800 400 640800 159600 400 11404
-792 398 628056 158006 398 11405
-792 398 628056 158006 398 11405
-800 400 640800 159600 400 11406
-800 400 640800 159600 400 11406
-792 398 628056 158006 398 11409
-792 398 628056 158006 398 11409
-800 400 640800 159600 400 11410
-800 400 640800 159600 400 11410
-800 400 640800 159600 400 11410
-800 400 640800 159600 400 11410
-800 400 640800 159600 400 11410
-800 400 640800 159600 400 11410
-800 400 640800 159600 400 11410
-800 400 640800 159600 400 11410
-792 398 628056 158006 398 11411
-780 394 609180 154842 394 11413
-792 398 628056 158006 398 11415
-800 400 640800 159600 400 11416
-800 400 640800 159600 400 11416
-800 400 640800 159600 400 11416
-800 400 640800 159600 400 11416
-800 400 640800 159600 400 11416
-800 400 640800 159600 400 11416
-800 400 640800 159600 400 11416
-800 400 640800 159600 400 11416
-800 400 640800 159600 400 11416
-792 398 628056 158006 398 11417
-800 400 640800 159600 400 11418
-792 398 628056 158006 398 11421
-788 396 621732 156420 396 11422
-800 400 640800 159600 400 11424
-792 398 628056 158006 398 11425
-800 400 640800 159600 400 11428
-792 398 628056 158006 398 11429
-792 398 628056 158006 398 11429
-792 398 628056 158006 398 11429
-800 400 640800 159600 400 11432
-800 400 640800 159600 400 11432
-800 400 640800 159600 400 11432
-800 400 640800 159600 400 11432
-800 400 640800 159600 400 11432
-800 400 640800 159600 400 11432
-800 400 640800 159600 400 11432
-800 400 640800 159600 400 11432
-800 400 640800 159600 400 11432
-800 400 640800 159600 400 11432
-800 400 640800 159600 400 11432
-800 400 640800 159600 400 11432
-800 400 640800 159600 400 11432
-800 400 640800 159600 400 11432
-800 400 640800 159600 400 11432
-800 400 640800 159600 400 11432
-800 400 640800 159600 400 11432
-800 400 640800 159600 400 11432
-800 400 640800 159600 400 11432
-800 400 640800 159600 400 11432
-800 400 640800 159600 400 11432
-800 400 640800 159600 400 11432
-800 400 640800 159600 400 11432
-800 400 640800 159600 400 11432
-800 400 640800 159600 400 11432
-800 400 640800 159600 400 11432
-800 400 640800 159600 400 11432
-800 400 640800 159600 400 11432
-800 400 640800 159600 400 11432
-800 400 640800 159600 400 11432
-800 400 640800 159600 400 11432
-800 400 640800 159600 400 11432
-800 400 640800 159600 400 11432
-800 400 640800 159600 400 11432
-800 400 640800 159600 400 11432
-800 400 640800 159600 400 11432
-800 400 640800 159600 400 11432
-800 400 640800 159600 400 11432
-800 400 640800 159600 400 11432
-800 400 640800 159600 400 11432
-800 400 640800 159600 400 11432
-800 400 640800 159600 400 11432
-800 400 640800 159600 400 11432
-800 400 640800 159600 400 11432
-800 400 640800 159600 400 11432
-800 400 640800 159600 400 11434
-800 400 640800 159600 400 11434
-800 400 640800 159600 400 11434
-800 400 640800 159600 400 11434
-800 400 640800 159600 400 11434
-800 400 640800 159600 400 11434
-800 400 640800 159600 400 11434
-800 400 640800 159600 400 11434
-800 400 640800 159600 400 11434
-800 400 640800 159600 400 11434
-800 400 640800 159600 400 11434
-800 400 640800 159600 400 11434
-800 400 640800 159600 400 11436
-792 398 628056 158006 398 11437
-800 400 640800 159600 400 11438
-800 400 640800 159600 400 11438
-800 400 640800 159600 400 11438
-800 400 640800 159600 400 11438
-800 400 640800 159600 400 11438
-800 400 640800 159600 400 11438
-800 400 640800 159600 400 11438
-792 398 628056 158006 398 11439
-792 398 628056 158006 398 11439
-800 400 640800 159600 400 11440
-800 400 640800 159600 400 11440
-800 400 640800 159600 400 11440
-800 400 640800 159600 400 11440
-800 400 640800 159600 400 11440
